p_evap,dT_cd,net_power,T_injection>=70,evap_brine_pinch>=5,evap_brine_pinch<=37,T_injection,evap_steam_UA,evap_brine_UA,evap_steam_pinch,evap_brine_pinch,thermal_efficiency
4.67531559179519,22.0099517392741,4.291310650190911,-71.87618860601458,-64.87980812855005,32.87980812855005,141.87618860601458,535215.3884529918,3964.0579766078345,69.87980812855005,69.87980812855005,0.08326778835309306
9.410335381473237,28.347954617882692,7.792082533857994,-55.051519458739904,-32.79270532393451,0.7927053239345128,125.0515194587399,987274.1767948399,7312.218893658085,37.79270532393451,37.79270532393451,0.12087959605048501
12.095250092344873,10.890102007567975,11.248830092752698,-37.499023229099805,-19.80596478855199,-12.19403521144801,107.4990232290998,1500082.2865790818,11110.317980336255,24.80596478855199,24.80596478855199,0.14449821044845432
9.477578218213283,17.5653074190148,8.923647675332797,-50.5900973056996,-32.43571805648486,0.43571805648485906,120.5900973056996,996639.6240378789,7381.583819721921,37.43571805648486,37.43571805648486,0.13147694370897658
14.05989155459575,13.872060208944312,12.667156074275933,-30.450693811654332,-11.609780681636721,-20.39021931836328,100.45069381165433,2231669.258474228,16528.79666030425,16.60978068163672,16.60978068163672,0.15224839481252608
5.958820347299954,14.932860599633813,6.132792004242787,-63.784259500006954,-54.3923705703516,22.392370570351602,133.78425950000695,629410.7224954638,4661.713113821675,59.3923705703516,59.3923705703516,0.10616615406288021
9.314634482640814,25.458210634175536,8.032756172239145,-54.28334373543407,-33.304058065995264,1.3040580659952639,124.28334373543407,974161.5670108205,7215.100711838369,38.304058065995264,38.304058065995264,0.12348729807531492
12.251946865599068,16.483006290407246,11.128124019093041,-39.085658262915956,-19.117219917442412,-12.882780082557588,109.08565826291596,1542576.0549350881,11425.046900770774,24.117219917442412,24.117219917442412,0.14519816804187427
2.21213925673176,16.136081606646474,1.510334554228002,-82.41645180639733,-93.54757099844744,61.54757099844744,152.41645180639733,379830.4522296246,2813.2037426490133,98.54757099844744,98.54757099844744,0.03481695116942391
8.788901702313701,28.498005476959364,7.296584213506734,-57.51928301854508,-36.18503895757112,4.185038957571123,127.51928301854508,906340.8485586224,6712.788435771735,41.18503895757112,41.18503895757112,0.11661078009139147
11.307633961783099,26.26899774400124,9.44359927525803,-46.82556524651898,-23.37217824704453,-8.62782175295547,116.82556524651898,1312827.1327774823,9723.417861052123,28.37217824704453,28.37217824704453,0.13348659816739689
7.669672134304999,11.826102063313009,7.77914625391402,-55.642284157840265,-42.77383528169207,10.773835281692072,125.64228415784027,781854.3485854374,5790.7826156008205,47.77383528169207,47.77383528169207,0.12153131717308929
14.439979874112334,16.82493526927606,12.75340439890625,-30.04571650337192,-10.124370114182,-21.875629885818,100.04571650337192,2448047.728793377,18131.397818155976,15.124370114182,15.124370114182,0.15272106062795204
14.825809281276054,19.055272277057526,12.84195531615553,-29.315900694278355,-8.646165717521342,-23.35383428247866,99.31590069427835,2709482.4243447445,20067.706662447476,13.646165717521342,13.646165717521342,0.15276870087860384
13.759421253820488,11.137932577816066,12.507402980149084,-30.614427190570154,-12.805442499024423,-19.194557500975577,100.61442719057015,2083440.0584399616,15430.941188582887,17.805442499024423,17.805442499024423,0.15055309257651225
3.142343714445157,13.183499428293892,3.101429042876114,-76.15680997686945,-80.74732499119784,48.74732499119784,146.15680997686945,436401.00564017694,3232.191982386477,85.74732499119784,85.74732499119784,0.06430539147833275
2.8906027088584487,22.352889808156647,2.0817614741862327,-80.67944040802882,-83.89064277974313,51.89064277974313,150.67944040802882,421003.2938514527,3118.1492557488405,88.89064277974313,88.89064277974313,0.04654360139288341
13.854374168537372,27.986728747338503,11.102701064153047,-37.288878914294855,-12.425504672386069,-19.57449532761393,107.28887891429486,2128361.389492739,15763.64978501332,17.42550467238607,17.42550467238607,0.1423289944471444
10.371970171762436,27.224248569753755,8.642343064386012,-50.87200527446288,-27.857520889903185,-4.142479110096815,120.87200527446288,1134680.1321761946,8403.977026618195,32.857520889903185,32.857520889903185,0.1277376050779055
12.542787258701585,22.67969024253653,10.75315253264037,-40.42563370644325,-17.856065478265236,-14.143934521734764,110.42563370644325,1626967.7658639026,12050.09177445032,22.856065478265236,22.856065478265236,0.14219714776644815
7.182818027565354,26.621191579768904,6.195353331229243,-63.09421311050545,-45.8650014564318,13.865001456431798,133.09421311050545,734522.6974992921,5440.222050486329,50.8650014564318,50.8650014564318,0.1062739953695777
2.4072954518385767,25.583257065651566,1.05020080708508,-84.5478286412233,-90.56157118135292,58.56157118135292,154.5478286412233,391674.5344279995,2900.926609978888,95.56157118135292,95.56157118135292,0.025170555539573182
6.010091480312108,12.15146074644359,6.305525900266376,-62.57840130987307,-54.010105584188125,22.010105584188125,132.57840130987307,633474.4566278097,4691.811048316552,59.010105584188125,59.010105584188125,0.10743388959899916
6.226697876627234,22.119393190028546,5.802412048505156,-65.27835104244843,-52.42150043586685,20.421500435866847,135.27835104244843,650940.0623003698,4821.169573830399,57.42150043586685,57.42150043586685,0.10248411285631642
6.535668818548983,21.78410113252457,6.112808078254627,-63.88666346983575,-50.22534311009434,18.225343110094343,133.88666346983575,676734.15366505,5012.2127983517585,55.22534311009434,55.22534311009434,0.10596453129990287
7.968125174611728,27.222286411283037,6.782240179089348,-60.22238634004327,-40.950429254386165,8.950429254386165,130.22238634004327,812747.5844409832,6019.592512809446,45.950429254386165,45.950429254386165,0.11210283093480912
12.895155357276401,21.11843380733388,11.180670837315748,-38.34450141848072,-16.356986906161183,-15.643013093838817,108.34450141848072,1740127.4359243782,12888.20574204402,21.356986906161183,21.356986906161183,0.14481862238618723
2.3586939369205444,23.828942410352226,1.1320581664280647,-84.2075197001551,-91.28739304071047,59.28739304071047,154.2075197001551,388728.0928080358,2879.1038715856844,96.28739304071047,96.28739304071047,0.026961512546675222
3.286373585800812,14.660723174232494,3.220360547243756,-75.91368900564851,-79.0339533259421,47.03395332594209,145.9136890056485,445277.98581232794,3297.9390905952228,84.0339533259421,84.0339533259421,0.06651204272798718
2.0206708792094092,13.338714365963128,1.3285000397426525,-82.67601267917053,-96.67994570951583,64.67994570951583,152.67601267917053,368151.951810927,2726.707252192592,101.67994570951583,101.67994570951583,0.03076816042091366
3.773216338421812,29.631296733165676,2.542467960537217,-78.83951748609383,-73.63319151024388,41.633191510243876,148.83951748609383,475784.55441080773,3523.885147455206,78.63319151024388,78.63319151024388,0.0550875535374158
10.425133277928936,11.458102158056843,9.981788649572135,-44.490687311261865,-27.594776882815893,-4.405223117184107,114.49068731126187,1143771.8679602016,8471.314716328454,32.59477688281589,32.59477688281589,0.13763092560454818
14.612714314854706,22.12882013895748,12.35413403121224,-31.56152693531766,-9.45897086948338,-22.54102913051662,101.56152693531766,2559202.4374573845,18954.662094601154,14.45897086948338,14.45897086948338,0.15000588357998493
6.078215801302074,26.767546658008484,5.209721735440357,-67.62122732406607,-53.505935431845046,21.505935431845046,137.62122732406607,638915.0580197689,4732.106712100954,58.505935431845046,58.505935431845046,0.09504140689378227
13.067875726642502,11.95638067911625,11.980085685573345,-33.88356153619446,-15.633318283590313,-16.366681716409687,103.88356153619446,1800583.8857169403,13335.974765894052,20.633318283590313,20.633318283590313,0.14864590463886268
15.111326404679364,13.095573739149973,13.509096682468346,-25.507159442895272,-7.570736677444643,-24.429263322555357,95.50715944289527,2937730.9324245853,21758.222926782066,12.570736677444643,12.570736677444643,0.15536840470880695
11.962070091128297,21.614097315578036,10.43491004178071,-42.332256592201304,-20.396588300694873,-11.603411699305127,112.3322565922013,1465463.9893966757,10853.918519403062,25.396588300694873,25.396588300694873,0.14068905270258353
15.737518872773123,17.04039924613113,13.734323159671815,-24.378064105489045,-5.264462314520188,-26.735537685479812,94.37806410548905,3585482.9955328717,26555.78067274157,10.264462314520188,10.264462314520188,0.15641985025139268
5.805136095959202,21.84868838071354,5.436074771929838,-66.93247829673555,-55.55311434477085,23.553114344770847,136.93247829673555,617384.6502424582,4572.642342184461,60.55311434477085,60.55311434477085,0.09822095488249087
5.685757430817466,19.034147888229235,5.571717976587055,-66.41118263749757,-56.470698940263105,24.470698940263105,136.41118263749757,608198.2672339993,4504.603650423162,61.470698940263105,61.470698940263105,0.09994749853599254
4.67531559179519,15.29728879447466,4.826623731666431,-69.48574113614012,-64.87980812855005,32.87980812855005,139.48574113614012,535215.3884529918,3964.0579766078345,69.87980812855005,69.87980812855005,0.09042119190596683
9.410335381473237,11.14560512864685,9.195544323612495,-48.42719532007203,-32.79270532393451,0.7927053239345128,118.42719532007203,987274.1767948399,7312.218893658085,37.79270532393451,37.79270532393451,0.13226486420472047
15.918139819956805,10.890102007567975,14.167438830856401,-20.877473834973216,-4.612067069995305,-27.387932930004695,90.87747383497322,3824004.616040694,28322.38446023806,9.612067069995305,9.612067069995305,0.1566244354356289
9.459140846177457,18.29503046002558,8.8481797273857,-50.94214687631154,-32.53341290473725,0.5334129047372471,120.94214687631154,994059.0170059999,7362.470625090543,37.53341290473725,37.53341290473725,0.13088361697989623
14.05989155459575,19.2271116031295,12.244651487197508,-32.69197804883822,-11.609780681636721,-20.39021931836328,102.69197804883822,2231669.258474228,16528.79666030425,16.60978068163672,16.60978068163672,0.15024189646919123
15.795564235101539,14.932860599633813,13.944432531490396,-23.195060104747313,-5.054193739585742,-26.94580626041426,93.19506010474731,3659042.3644558312,27100.596104854103,10.054193739585742,10.054193739585742,0.15720852827160667
9.314634482640814,19.976285670512944,8.584792202482443,-52.15587700892928,-33.304058065995264,1.3040580659952639,122.15587700892928,974161.5670108205,7215.100711838369,38.304058065995264,38.304058065995264,0.12875388048116368
15.739176178905566,16.483006290407246,13.783357959262288,-24.12749607343278,-5.258450665412511,-26.74154933458749,94.12749607343278,3587544.983547614,26571.052729961626,10.25845066541251,10.25845066541251,0.15663970639178615
2.21213925673176,18.44766949237328,1.3420272180785797,-83.20832433597684,-93.54757099844744,61.54757099844744,153.20832433597684,379830.4522296246,2813.2037426492043,98.54757099844744,98.54757099844744,0.03138192502443479
8.788901702313701,16.17701772707423,8.484910264073553,-52.784235653687745,-36.18503895757112,4.185038957571123,122.78423565368774,906340.8485586224,6712.788435771735,41.18503895757112,41.18503895757112,0.12817923192504294
15.755732926242501,26.26899774400124,12.721600002078736,-28.375173339407297,-5.1984194590226025,-26.801580540977398,98.3751733394073,3608266.4671764183,26724.525825537847,10.198419459022602,10.198419459022602,0.15006336742787332
7.669672134304999,14.052010742098922,7.698506214483842,-56.45510593473773,-42.77383528169207,10.773835281692072,126.45510593473773,781854.3485854374,5790.7826156008205,47.77383528169207,47.77383528169207,0.1214521784753135
14.439979874112334,14.953856196636057,12.894165997097835,-29.257106472636224,-10.124370114182,-21.875629885818,99.25710647263622,2448047.728793377,18131.397818155976,15.124370114182,15.124370114182,0.15330847448651086
14.825809281276054,24.0597927376257,12.291965946303497,-31.478225783419873,-8.646165717521342,-23.35383428247866,101.47822578341987,2709482.4243447445,20067.706662447476,13.646165717521342,13.646165717521342,0.1491365475777448
13.759421253820488,17.045112720595597,12.218463565159617,-33.053945524478024,-12.805442499024423,-19.194557500975577,103.05394552447802,2083440.0584399616,15430.941188583934,17.805442499024423,17.805442499024423,0.15042780961912128
3.142343714445157,14.893649977102218,3.0128741099430005,-76.74130829070646,-80.74732499119784,48.74732499119784,146.74130829070646,436401.00564017694,3232.191982386257,85.74732499119784,85.74732499119784,0.06306044500069233
15.886542743861904,22.352889808156647,13.296115409714814,-26.040576766379274,-4.725791208102805,-27.274208791897195,96.04057676637927,3780168.098190968,27997.71050280348,9.725791208102805,9.725791208102805,0.1536331138154135
13.854374168537372,12.523776046227376,12.564042375113319,-30.77643251779142,-12.425504672386069,-19.57449532761393,100.77643251779142,2128361.389492739,15763.64978501332,17.42550467238607,17.42550467238607,0.1514589716908876
14.822491000988215,12.688554083637907,13.299939726592406,-26.622443932424403,-8.658755279093725,-23.341244720906275,96.6224439324244,2707020.2784643224,20049.470847059074,13.658755279093725,13.658755279093725,0.15446436991200893
12.542787258701585,22.708467818314844,10.750037932765318,-40.43749734276969,-17.856065478265236,-14.143934521734764,110.43749734276969,1626967.7658639026,12050.09177445032,22.856065478265236,22.856065478265236,0.14217293480599172
7.182818027565354,20.1155478654127,6.832535354422331,-60.64752659638219,-45.8650014564318,13.865001456431798,130.6475265963822,734522.6974992921,5440.222050486329,50.8650014564318,50.8650014564318,0.11354618908058853
2.4072954518385767,22.03186560162571,1.3721016485650703,-83.28497072296119,-90.56157118135292,58.56157118135292,153.2849707229612,391674.5344279995,2900.926609978888,95.56157118135292,95.56157118135292,0.03212991748625509
15.765468749635742,12.15146074644359,14.046168151954136,-22.12940534719627,-5.163141595620004,-26.836858404379996,92.12940534719627,3620555.689595456,26815.545611604353,10.163141595620004,10.163141595620004,0.15692790627404968
12.788369376045496,22.119393190028546,10.995518711407138,-39.19526619405508,-16.808026060137536,-15.191973939862464,109.19526619405508,1704458.5490809025,12624.025117833471,21.808026060137536,21.808026060137536,0.14362420054480693
6.535668818548983,17.084362090703088,6.516474219004413,-62.16281209436352,-50.22534311009434,18.225343110094343,132.16281209436352,676734.15366505,5012.2127983517585,55.22534311009434,55.22534311009434,0.11042771316908691
15.879570922184568,16.438788742624794,13.896877561908406,-23.466006466004558,-4.750907082683511,-27.24909291731649,93.46600646600456,3770622.009133982,27927.00765813914,9.750907082683511,9.750907082683511,0.15703567144387212
15.8717071213771,21.11843380733388,13.425516657409105,-25.560296362820623,-4.779246252515691,-27.22075374748431,95.56029636282062,3759908.5390402507,27847.658638102635,9.77924625251569,9.77924625251569,0.15447868324118627
2.3586939369205444,19.024979121167895,1.544944020635301,-82.52255475033695,-91.28739304071047,59.28739304071047,152.52255475033695,388728.0928080358,2879.1038715856844,96.28739304071047,96.28739304071047,0.03568254769228565
3.286373585800812,10.027092694772684,3.35571121620961,-74.33775632883078,-79.0339533259421,47.03395332594209,144.33775632883078,445277.98581232794,3297.939090594999,84.0339533259421,84.0339533259421,0.06760666256922192
2.0206708792094092,22.402054027841267,0.6705017211608143,-85.78364316410739,-96.67994570951583,64.67994570951583,155.7836431641074,368151.951810927,2726.707252192592,101.67994570951583,101.67994570951583,0.01644910639600443
15.634760179743935,29.631296733165676,12.20202500761489,-30.422905146728453,-5.638138253387069,-26.36186174661293,100.42290514672845,3461805.3718021573,25639.765772096198,10.63813825338707,10.63813825338707,0.14662076249064668
14.478152743038425,11.458102158056843,13.055792360137552,-27.62629885573051,-9.976811464132595,-22.023188535867405,97.62629885573051,2471856.0023544664,18307.73313802017,14.976811464132595,14.976811464132595,0.15298085643426546
14.612714314854706,12.971453480966233,13.129223373526921,-27.66820038096614,-9.45897086948338,-22.54102913051662,97.66820038096614,2559202.4374573845,18954.662094601154,14.45897086948338,14.45897086948338,0.15389856767294707
15.749552599150617,26.767546658008484,12.654258181307585,-28.626236549139946,-5.220822446768693,-26.779177553231307,98.62623654913995,3600505.496763483,26667.044412754596,10.220822446768693,10.220822446768693,0.1496049811599272
15.887649028079382,11.95638067911625,14.145308429740277,-21.47991543930084,-4.721806599270565,-27.278193400729435,91.47991543930084,3781687.020713097,28008.96036046751,9.721806599270565,9.721806599270565,0.15717213020572732
12.87937984924808,14.40041324503138,11.743738742639378,-35.660732818139536,-16.423443185218048,-15.576556814781952,105.66073281813954,1734778.4786800041,12848.588838104,21.423443185218048,21.423443185218048,0.1481957684204163
10.907867337037597,21.614097315578036,9.646300893719882,-46.52887558324869,-25.25344739717201,-6.74655260282799,116.52887558324869,1231717.5770677514,9122.682179255644,30.25344739717201,30.25344739717201,0.13591708597286123
15.737518872773123,14.463674574915899,13.928792799008413,-23.2575821039498,-5.264462314520188,-26.735537685479812,93.2575821039498,3585482.9955328717,26555.78067274157,10.264462314520188,10.264462314520188,0.15711607497907948
11.657603415257785,21.84868838071354,10.183710294331789,-43.646108022602164,-21.765455331754595,-10.234544668245405,113.64610802260216,1391061.601683131,10302.859291926365,26.765455331754595,26.765455331754595,0.13918009410943177
15.837630572604128,19.034147888229235,13.622277879107465,-24.795572058348455,-4.902171768846813,-27.097828231153187,94.79557205834845,3714133.4983570026,27508.62706489907,9.902171768846813,9.902171768846813,0.15570463806154353
4.67531559179519,10.151568498775376,4.992324404283759,-67.69603415709918,-64.87980812855005,32.87980812855005,137.69603415709918,535215.3884529917,3964.0579766078345,69.87980812855005,69.87980812855005,0.09117118636239463
15.919058681404769,28.347954617882692,12.579845871285928,-28.583289845223476,-4.608762447230447,-27.391237552769553,98.58328984522348,3825293.6359997424,28331.93155092512,9.608762447230447,9.608762447230447,0.14866799978325415
15.918159830453263,10.890102007567975,14.167454575280512,-20.87738062995237,-4.611995102075923,-27.388004897924077,90.87738062995237,3824032.6790019474,28322.592307782754,9.611995102075923,9.611995102075923,0.1566244873431439
9.56173929321864,17.287220907089996,9.011942923948597,-50.151621935910384,-31.99155585210042,-0.008444147899581367,120.15162193591038,1008543.1101384045,7469.7466604104475,36.99155585210042,36.99155585210042,0.13212592462332576
14.05989155459575,16.54767278125057,12.48719279813992,-31.566476091460515,-11.609780681636721,-20.39021931836328,101.56647609146052,2231669.258474228,16528.79666030425,16.60978068163672,16.60978068163672,0.15162841991905007
9.53024176720098,14.932860599633813,9.155415522695922,-49.378771672205346,-32.1574433338788,0.1574433338788026,119.37877167220535,1004064.2287740747,7436.573949420446,37.1574433338788,37.1574433338788,0.1330780152010283
15.919266674372114,25.458210634175536,12.946587160709095,-27.27970144005843,-4.608014434571146,-27.391985565428854,97.27970144005843,3825585.5307149678,28334.09346106295,9.608014434571146,9.608014434571146,0.15123562092178086
15.739176178905566,10.413362732778403,14.014327624538288,-21.50304732260514,-5.258450665412511,-26.74154933458749,91.50304732260514,3587544.983547614,26571.052729961626,10.25845066541251,10.25845066541251,0.15574707198698665
2.21213925673176,10.654254473287743,1.7477606808845423,-80.57338793219236,-93.54757099844744,61.54757099844744,150.57338793219236,379830.4522296246,2813.2037426492043,98.54757099844744,98.54757099844744,0.03900435849299715
11.732524905228317,28.498005476959364,9.499774014277245,-46.066314165649544,-21.42616553204857,-10.573834467951428,116.06631416564954,1408789.9051254925,10434.16348120901,26.42616553204857,26.42616553204857,0.13319054479549083
15.755732926242501,13.629109862033754,13.988464537228769,-22.812578061005127,-5.1984194590226025,-26.801580540977398,92.81257806100513,3608266.4671764183,26724.52582553603,10.198419459022602,10.198419459022602,0.15719165529946957
7.669672134304999,10.83068962240569,7.7864658652197525,-55.28062124772612,-42.77383528169207,10.773835281692072,125.28062124772612,781854.3485854374,5790.7826156008205,47.77383528169207,47.77383528169207,0.12112189148382985
13.244024288425418,14.953856196636057,11.985596024119225,-34.36339126021409,-14.902599811651214,-17.097400188348786,104.36339126021409,1866046.8054062398,13820.824070613136,19.902599811651214,19.902599811651214,0.14938978299832717
14.825809281276054,12.645878412288482,13.303770484789649,-26.589719689622143,-8.646165717521342,-23.35383428247866,96.58971968962214,2709482.4243447445,20067.706662447476,13.646165717521342,13.646165717521342,0.15446436549790765
13.759421253820488,12.860852676184162,12.481581366317709,-31.32210398176852,-12.805442499024423,-19.194557500975577,101.32210398176852,2083440.0584399616,15430.941188583934,17.805442499024423,17.805442499024423,0.15121974087050036
15.918782952340452,10.753218976931393,14.165117068663472,-20.8153955158063,-4.60975407300748,-27.39024592699252,90.8153955158063,3824906.745543788,28329.066057460084,9.60975407300748,9.60975407300748,0.15651746653345075
15.886542743861904,12.940745651865686,14.120079887331537,-21.911212423866914,-4.725791208102805,-27.274208791897195,91.91121242386691,3780168.098190968,27997.71050280348,9.725791208102805,9.725791208102805,0.15746306333089274
13.854374168537372,17.703540200835633,12.233007160745473,-32.92590120382323,-12.425504672386069,-19.57449532761393,102.92590120382323,2128361.389492739,15763.64978501332,17.42550467238607,17.42550467238607,0.15042681788766324
14.822491000988215,16.91971037473526,13.037687366781952,-28.417011240766385,-8.658755279093725,-23.341244720906275,98.41701124076639,2707020.2784643224,20049.470847059074,13.658755279093725,13.658755279093725,0.15384949305102102
12.542787258701585,10.454628964613136,11.577779503329731,-35.47535262794037,-17.856065478265236,-14.143934521734764,105.47535262794037,1626967.7658639026,12050.09177445032,22.856065478265236,22.856065478265236,0.1458422723632698
7.182818027565354,13.207815766031292,7.322519538111343,-58.11376399975154,-45.8650014564318,13.865001456431798,128.11376399975154,734522.6974992921,5440.222050486329,50.8650014564318,50.8650014564318,0.11788333302904458
2.4072954518385767,15.901395166268244,1.8547170696732405,-81.16120481565781,-90.56157118135292,58.56157118135292,151.1612048156578,391674.5344279995,2900.926609978888,95.56157118135292,95.56157118135292,0.04181675107898356
15.765468749635742,10.368681012241048,14.033284639216825,-21.36213587171045,-5.163141595620004,-26.836858404379996,91.36213587171045,3620555.689595456,26815.545611604353,10.163141595620004,10.163141595620004,0.15577309001423487
12.788369376045496,15.190402859683317,11.626042289276283,-36.35865204959475,-16.808026060137536,-15.191973939862464,106.35865204959475,1704458.5490809025,12624.025117833471,21.808026060137536,21.808026060137536,0.1476990674526981
15.9188060895956,21.78410113252457,13.386565702559677,-25.641777551158896,-4.609670862209327,-27.390329137790673,95.6417775511589,3824939.207870946,28329.30648878864,9.609670862209327,9.609670862209327,0.15414000388456991
15.880068376819025,16.438788742624794,13.89726743297463,-23.46372397916724,-4.749114735687726,-27.250885264312274,93.46372397916724,3771301.649699534,27932.041397196776,9.749114735687726,9.749114735687726,0.15703700952240102
10.097022364053998,21.11843380733388,9.080810181476409,-49.52669438349574,-29.232585991242786,-2.767414008757214,119.52669438349574,1089362.2194827963,8068.331159232486,34.232585991242786,34.232585991242786,0.13221062759796304
2.3586939369205444,10.11081132449523,1.9952978408081268,-79.50171089722085,-91.28739304071047,59.28739304071047,149.50171089722085,388728.0928080358,2879.1038715856844,96.28739304071047,96.28739304071047,0.043718037975355825
15.918576595957266,14.660723174232494,14.058813529108992,-22.51054157956338,-4.610496216894603,-27.389503783105397,92.51054157956338,3824617.2435801215,28326.921869170517,9.610496216894603,9.610496216894603,0.1575772149373097
13.517008506747757,13.338714365963128,12.279397366467423,-32.550758869527215,-13.784380345465024,-18.215619654534976,102.55075886952721,1975983.7479797134,14635.06899617828,18.784380345465024,18.784380345465024,0.1504702910515707
15.919012962810973,29.631296733165676,12.41320871228724,-29.165795561301536,-4.608926867655043,-27.391073132344957,99.16579556130154,3825229.480687619,28331.456386379683,9.608926867655043,9.608926867655043,0.14746858136560417
9.199704670866307,11.458102158056843,9.028255252716454,-49.383984902776376,-33.92334196728217,1.9233419672821697,119.38398490277638,958740.251927288,7100.883168050334,38.92334196728217,38.92334196728217,0.13123727681208683
14.372153359435629,12.971453480966233,12.94483087498417,-28.72195994571274,-10.38727802924575,-21.61272197075425,98.72195994571274,2406745.521910223,17825.4941648251,15.38727802924575,15.38727802924575,0.15317173011018942
15.749552599150617,12.914121841325027,14.013285730183565,-22.531895120879256,-5.220822446768693,-26.779177553231307,92.53189512087926,3600505.496763483,26667.044412754596,10.220822446768693,10.220822446768693,0.1570953888607486
15.887649028079382,11.749725077538468,14.147487941040879,-21.390572095588766,-4.721806599270565,-27.278193400729435,91.39057209558877,3781687.020713097,28008.96036046751,9.721806599270565,9.721806599270565,0.15707830807949197
15.111326404679364,10.099898027630871,13.513957169295637,-24.23782504796094,-7.570736677444643,-24.429263322555357,94.23782504796094,2937730.9324245853,21758.222926783543,12.570736677444643,12.570736677444643,0.15372412344749048
11.054149591457893,12.410426015343525,10.446834699195298,-42.33034078550605,-24.559195412907115,-7.4408045870928845,112.33034078550605,1260455.6731996874,9335.530093688001,29.559195412907115,29.559195412907115,0.1408470569548202
15.737518872773123,11.396866091881737,14.03058870272643,-21.933337609783507,-5.264462314520188,-26.735537685479812,91.9333376097835,3585482.9955328717,26555.78067274157,10.264462314520188,10.264462314520188,0.15649431557202698
11.657603415257785,13.087376558980491,10.883314729504981,-40.15406871777111,-21.765455331754595,-10.234544668245405,110.15406871777111,1391061.601683131,10302.859291926365,26.765455331754595,26.765455331754595,0.1435261634058191
9.689398888042296,19.034147888229235,8.962847841495055,-50.31962946329105,-31.323342924578697,-0.6766570754213035,120.31962946329105,1026996.5961500612,7606.421894342278,36.3233429245787,36.3233429245787,0.13165379574661118
4.67531559179519,10.136129090331767,4.99209707373903,-67.69071481735574,-64.87980812855005,32.87980812855005,137.69071481735574,535215.3884529918,3964.0579766075653,69.87980812855005,69.87980812855005,0.09116021778222666
15.91898235565195,28.347954617882692,12.579788653950994,-28.583630493041255,-4.609036942150169,-27.39096305784983,98.58363049304126,3825186.5318516954,28331.13828701389,9.60903694215017,9.60903694215017,0.14866777744799978
11.79370759962713,10.890102007567975,11.021338368539856,-38.73587808273555,-21.15028764894396,-10.849712351056041,108.73587808273555,1423541.43940691,10543.420312004699,26.15028764894396,26.15028764894396,0.14330736481715686
15.918370754047562,17.287220907089996,13.85362404884861,-23.659525621868795,-4.611236517729765,-27.388763482270235,93.6595256218688,3824328.5042337417,28324.783329184804,9.611236517729765,9.611236517729765,0.1568066035452072
14.05989155459575,10.495459554856929,12.724399411041148,-29.05346787783924,-11.609780681636721,-20.39021931836328,99.05346787783924,2231669.258474228,16528.79666030425,16.60978068163672,16.60978068163672,0.15101268066919166
15.919378395111712,14.932860599633813,14.04170948534922,-22.625437981438836,-4.607612652254261,-27.39238734774574,92.62543798143884,3825742.3354051895,28335.254830665643,9.60761265225426,9.60761265225426,0.15753912236423367
15.284482799471103,25.458210634175536,12.467633520003668,-30.09619694896378,-6.925929920000726,-25.074070079999274,100.09619694896378,3094008.0520311357,22915.685092302076,11.925929920000726,11.925929920000726,0.14936747414798995
15.739176178905566,10.654171663231558,14.021730774097803,-21.60644032785075,-5.258450665412511,-26.74154933458749,91.60644032785075,3587544.983547614,26571.05272995982,10.25845066541251,10.25845066541251,0.15596500969651098
2.21213925673176,10.615751924084876,1.7479859668770379,-80.56060422050177,-93.54757099844744,61.54757099844744,150.56060422050177,379830.4522296246,2813.2037426492043,98.54757099844744,98.54757099844744,0.03900075780602208
11.732524905228317,18.5817937093542,10.559462915853741,-42.03214072481393,-21.42616553204857,-10.573834467951428,112.03214072481393,1408789.9051254925,10434.16348120901,26.42616553204857,26.42616553204857,0.14193103781942895
10.296426150180633,13.629109862033754,9.821567651901702,-45.83664766063589,-28.232604034791677,-3.7673959652083227,115.83664766063589,1121948.7647850642,8309.68250604058,33.23260403479168,33.23260403479168,0.1373649621663417
7.669672134304999,10.164299821212474,7.777425843437627,-55.039113867764456,-42.77383528169207,10.773835281692072,125.03911386776446,781854.3485854374,5790.782615601213,47.77383528169207,47.77383528169207,0.12063445948276648
14.439979874112334,13.38044529985195,12.980594014825503,-28.5969264203909,-10.124370114182,-21.875629885818,98.5969264203909,2448047.728793377,18131.397818155976,15.124370114182,15.124370114182,0.15342277122870876
15.918782375890455,12.645878412288482,14.155024445815418,-21.634014678642927,-4.60975614615279,-27.39024385384721,91.63401467864293,3824905.9367721234,28329.06006731511,9.60975614615279,9.60975614615279,0.15748421302506996
13.759421253820488,10.448144976871507,12.495162689041091,-30.33194854440302,-12.805442499024423,-19.194557500975577,100.33194854440302,2083440.0584399616,15430.941188583934,17.805442499024423,17.805442499024423,0.1500187379861221
15.918782952340452,10.060620299595342,14.140006327699815,-20.516736513585045,-4.60975407300748,-27.39024592699252,90.51673651358504,3824906.745543788,28329.06605745816,9.60975407300748,9.60975407300748,0.15585074900175386
15.886542743861904,15.437875532011308,13.98056754752493,-22.996917273641202,-4.725791208102805,-27.274208791897195,92.9969172736412,3780168.098190968,27997.71050280348,9.725791208102805,9.725791208102805,0.15734973313759268
15.919307863369175,14.406324343357177,14.075076494538717,-22.39637220776831,-4.60786630595743,-27.39213369404257,92.39637220776831,3825643.3397804615,28334.521622308188,9.60786630595743,9.60786630595743,0.15760679093366994
15.918629512916716,12.688554083637907,14.153634946311586,-21.653224340888414,-4.610305904679706,-27.389694095320294,91.65322434088841,3824691.4780508815,28327.47168472572,9.610305904679706,9.610305904679706,0.15749423490579187
15.44351969062666,10.454628964613136,13.785184950705393,-22.88003067544969,-6.338514569065012,-25.661485430934988,92.88003067544969,3251587.064184406,24082.789688970715,11.338514569065012,11.338514569065012,0.15499631754305934
14.79392970900927,26.621191579768904,11.95961835124136,-32.734319475515065,-8.767204302389587,-23.232795697610413,102.73431947551506,2685994.7276203,19893.74568606038,13.767204302389587,13.767204302389587,0.14680244137932177
2.4072954518385767,10.671123985232914,2.075138767101817,-79.39841232539908,-90.56157118135292,58.56157118135292,149.39841232539908,391674.5344279995,2900.926609978888,95.56157118135292,95.56157118135292,0.04538778810991256
15.163323615710397,12.57225240575313,13.566722826055338,-25.051240236637057,-7.376527479136655,-24.623472520863345,95.05124023663706,2983112.819006035,22094.34261500232,12.376527479136655,12.376527479136655,0.1554137193126495
12.788369376045496,18.891195443133938,11.322558572108765,-37.86656045853033,-16.808026060137536,-15.191973939862464,107.86656045853033,1704458.5490809025,12624.025117833471,21.808026060137536,21.808026060137536,0.14596928457927302
15.9188060895956,10.54845020096651,14.159653157760802,-20.72693854184587,-4.609670862209327,-27.390329137790673,90.72693854184587,3824939.207870946,28329.30648878864,9.609670862209327,9.609670862209327,0.15634143715548585
15.880068376819025,10.040328810660156,14.108604622474875,-20.68853549233029,-4.749114735687726,-27.250885264312274,90.68853549233029,3771301.649699534,27932.041397196776,9.749114735687726,9.749114735687726,0.1557278167801135
15.8717071213771,10.170831676962017,14.108355772249249,-20.78365456124118,-4.779246252515691,-27.22075374748431,90.78365456124118,3759908.5390402507,27847.658638102635,9.77924625251569,9.77924625251569,0.1558489123173299
2.3586939369205444,10.32534605671976,1.9961804235614962,-79.57298614130622,-91.28739304071047,59.28739304071047,149.57298614130622,388728.0928080358,2879.103871585489,96.28739304071047,96.28739304071047,0.04379037377298246
15.9191745514477,14.660723174232494,14.059284218277218,-22.507781441292877,-4.608345738681521,-27.39165426131848,92.50778144129288,3825456.2414187607,28333.135883465264,9.608345738681521,9.608345738681521,0.15757879943071865
13.517008506747757,10.075464807106151,12.298499120382312,-31.218727156906823,-13.784380345465024,-18.215619654534976,101.21872715690682,1975983.7479797134,14635.068996180267,18.784380345465024,18.784380345465024,0.1488601347222973
15.919012962810973,11.33817867494298,14.173033458784571,-21.06694290013189,-4.608926867655043,-27.391073132344957,91.06694290013189,3825229.480687619,28331.456386379683,9.608926867655043,9.608926867655043,0.15693509397171426
15.856538903206232,11.458102158056843,14.124119943749925,-21.408984907093213,-4.833938556314479,-27.16606144368552,91.40898490709321,3739403.61663048,27695.789497207563,9.833938556314479,9.833938556314479,0.15684312717148413
14.612714314854706,18.9338917383759,12.691830724636963,-30.19207246649364,-9.45897086948338,-22.54102913051662,100.19207246649364,2559202.4374573845,18954.662094601154,14.45897086948338,14.45897086948338,0.1521860652330289
15.749552599150617,11.491712511074308,14.040080838256346,-21.918599577425994,-5.220822446768693,-26.779177553231307,91.918599577426,3600505.496763483,26667.044412754596,10.220822446768693,10.220822446768693,0.15658070237817281
15.919921072316933,11.749725077538468,14.172906594271177,-21.240658717865585,-4.605661047434239,-27.39433895256576,91.24065871786559,3826504.176510953,28340.89738575162,9.60566104743424,9.60566104743424,0.15716251365975742
15.111326404679364,12.381081108256144,13.531359836734897,-25.203578456779212,-7.570736677444643,-24.429263322555357,95.20357845677921,2937730.9324245853,21758.222926783543,12.570736677444643,12.570736677444643,0.15521383929669408
11.054149591457893,10.64252797696319,10.458152959977129,-41.64589471651374,-24.559195412907115,-7.4408045870928845,111.64589471651374,1260455.6731996874,9335.530093687366,29.559195412907115,29.559195412907115,0.1400158777121481
15.289683712382267,11.396866091881737,13.681201703202753,-23.98107361474746,-6.906647534535125,-25.093352465464875,93.98107361474746,3098937.8534858054,22952.197530472302,11.906647534535125,11.906647534535125,0.15528304230733572
12.582381759967253,13.087376558980491,11.582507465122225,-36.363484302619156,-17.686064766321522,-14.313935233678478,106.36348430261916,1639055.0811689214,12139.616141059301,22.686064766321522,22.686064766321522,0.147152859939418
9.228747362526974,19.034147888229235,8.603006526385222,-52.13224190009271,-33.76630879436999,1.7663087943699907,122.13224190009271,962604.2755819937,7129.5019524139725,38.76630879436999,38.76630879436999,0.1289921098109301
4.67531559179519,11.65941518642255,4.986804924351511,-68.21694651428533,-64.87980812855005,32.87980812855005,138.21694651428533,535215.3884529918,3964.0579766078345,69.87980812855005,69.87980812855005,0.09174231883613729
14.794782841366981,28.347954617882692,11.74597631936417,-33.48976351282033,-8.763962632630864,-23.236037367369136,103.48976351282033,2686618.4693126515,19898.365411657833,13.763962632630864,13.763962632630864,0.1452023518162018
14.0635155701118,10.890102007567975,12.735656356470749,-29.20045138002132,-11.595476744025973,-20.404523255974027,99.20045138002132,2233570.341037843,16542.876975748222,16.595476744025973,16.595476744025973,0.15134650991684884
11.879072730388163,17.287220907089996,10.782506062202186,-40.922903580926686,-20.767144066620745,-11.232855933379255,110.92290358092669,1444548.6313568908,10699.009498362273,25.767144066620745,25.767144066620745,0.143302486009325
15.8876284827295,10.495459554856929,14.133483646822716,-20.84934257896265,-4.721880597505162,-27.278119402494838,90.84934257896265,3781658.8016533297,28008.751356781566,9.721880597505162,9.721880597505162,0.15621228214643587
15.919685863588773,14.932860599633813,14.041951416662746,-22.62401961134418,-4.606506911510735,-27.393493088489265,92.62401961134418,3826173.9422713555,28338.451514986566,9.606506911510735,9.606506911510735,0.1575399384290323
15.919266674372114,11.76277094199854,14.172287003387655,-21.249344114448377,-4.608014434571146,-27.391985565428854,91.24934411444838,3825585.5307149678,28334.09346106295,9.608014434571146,9.608014434571146,0.15716710101098733
15.919911802772921,10.654171663231558,14.163544786038464,-20.767394321702852,-4.605694382644458,-27.394305617355542,90.76739432170285,3826491.1610148293,28340.80098683944,9.605694382644458,9.605694382644458,0.15643729413509877
2.21213925673176,10.262969246227208,1.7485474098957579,-80.44357178853312,-93.54757099844744,61.54757099844744,150.44357178853312,379830.45222962456,2813.2037426492043,98.54757099844744,98.54757099844744,0.038934448755433046
15.357073013230314,18.5817937093542,13.295661712491343,-26.764400076892912,-6.657245773990155,-25.342754226009845,96.76440007689291,3164146.34853295,23435.16244611535,11.657245773990155,11.657245773990155,0.154607884074684
15.755732926242501,18.458233910699363,13.616216991896126,-24.915127364676835,-5.1984194590226025,-26.801580540977398,94.91512736467683,3608266.4671764183,26724.525825537847,10.198419459022602,10.198419459022602,0.15579665504509718
15.919394993770071,11.826102063313009,14.171818893975765,-21.27614611100006,-4.607552958528231,-27.39244704147177,91.27614611100006,3825765.6333368053,28335.427386152,9.607552958528231,9.607552958528231,0.15719727706262265
14.439979874112334,13.115001202406784,12.991423654621682,-28.485810627273167,-10.124370114182,-21.875629885818,98.48581062727317,2448047.728793377,18131.397818155976,15.124370114182,15.124370114182,0.15339800044836777
15.918782375890455,11.951195882402843,14.16990277850268,-21.33312294242654,-4.60975614615279,-27.39024385384721,91.33312294242654,3824905.9367721234,28329.06006731511,9.60975614615279,9.60975614615279,0.1572512517558284
13.759421253820488,11.018772291373612,12.506372807739721,-30.565595094374203,-12.805442499024423,-19.194557500975577,100.5655950943742,2083440.0584399616,15430.941188582887,17.805442499024423,17.805442499024423,0.15047358365477634
15.919299115569029,10.753218976931393,14.165523067883402,-20.812990446453398,-4.6078977657793985,-27.3921022342206,90.8129904464534,3825631.0620407923,28334.430687566866,9.607897765779398,9.607897765779398,0.15651880443910385
15.919930739588374,12.940745651865686,14.146390213966194,-21.756561107750713,-4.605626281928551,-27.39437371807145,91.75656110775071,3826517.7505501155,28340.997921497376,9.60562628192855,9.60562628192855,0.15755076556384032
15.919307863369175,19.02642924340121,13.686609006280039,-24.419787029222846,-4.60786630595743,-27.39213369404257,94.41978702922285,3825643.3397804615,28334.521622308188,9.60786630595743,9.60786630595743,0.15593256387570095
15.918629512916716,15.286286330149565,14.016706333828637,-22.783033667877078,-4.610305904679706,-27.389694095320294,92.78303366787708,3824691.4780508815,28327.47168472572,9.610305904679706,9.610305904679706,0.1574694278880781
10.297083482984718,10.454628964613136,9.876772923306694,-44.62145346718421,-28.229331506404037,-3.770668493595963,114.62145346718421,1122058.6079300896,8310.4960562572,33.22933150640404,33.22933150640404,0.13637032983084882
15.919706849157267,26.621191579768904,12.801036849854661,-27.80059140783544,-4.606431442252017,-27.393568557747983,97.80059140783544,3826203.403948145,28338.669722081133,9.606431442252017,9.606431442252017,0.15022837126841673
2.4072954518385767,11.114140341255478,2.0705506826515,-79.54613789434575,-90.56157118135292,58.56157118135292,149.54613789434575,391674.5344279995,2900.926609978888,95.56157118135292,95.56157118135292,0.04540111709075177
13.513670658429426,12.15146074644359,12.31407876106844,-32.07905861488371,-13.797950818918878,-18.202049181081122,102.0790586148837,1974571.9813784459,14624.612785879397,18.797950818918878,18.797950818918878,0.1502360764862502
12.788369376045496,14.207909555203106,11.685788441846423,-35.960929206063156,-16.808026060137536,-15.191973939862464,105.96092920606316,1704458.5490809025,12624.025117833471,21.808026060137536,21.808026060137536,0.14789020554293278
15.514986967594798,10.54845020096651,13.8437274662544,-22.59305939372217,-6.076022938614358,-25.923977061385642,92.59305939372217,3327312.848651083,24643.650617909352,11.076022938614358,11.076022938614358,0.15527517876941468
15.919230630584991,10.040328810660156,14.139325886897783,-20.505904181105393,-4.608144059624635,-27.391855940375365,90.5059041811054,3825534.9443314867,28333.718794412343,9.608144059624635,9.608144059624635,0.15582916852892856
11.498007795447906,10.080602108839628,10.779141020432,-39.62665024549062,-22.493647994425658,-9.506352005574342,109.62665024549062,1354479.5064091994,10031.915014724602,27.493647994425658,27.493647994425658,0.14140401109638265
9.203845402428197,23.828942410352226,8.11808037965368,-54.07909392000312,-33.90093062608054,1.9009306260805374,124.07909392000312,959289.8158982571,7104.953498406629,38.90093062608054,38.90093062608054,0.12449995292184841
15.9191745514477,10.801737131752176,14.16650227213216,-20.83451076479605,-4.608345738681521,-27.39165426131848,90.83451076479605,3825456.2414187607,28333.135883465264,9.608345738681521,9.608345738681521,0.15655780007526876
13.517008506747757,11.126894825511243,12.323662036841855,-31.646727312627718,-13.784380345465024,-18.215619654534976,101.64672731262772,1975983.7479797134,14635.068996179274,18.784380345465024,18.784380345465024,0.1497534660942818
15.919012962810973,14.283356082547112,14.082103028791025,-22.34420566190721,-4.608926867655043,-27.391073132344957,92.34420566190721,3825229.480687619,28331.456386379683,9.608926867655043,9.608926867655043,0.15761576111299322
10.704175243248496,11.458102158056843,10.19554835617735,-43.37080671922473,-26.231793044879225,-5.768206955120775,113.37080671922473,1193374.9222723118,8838.69836663488,31.231793044879225,31.231793044879225,0.13894362775726501
14.612714314854706,11.120442153465564,13.157656689077333,-26.892486378053718,-9.45897086948338,-22.54102913051662,96.89248637805372,2559202.4374573845,18954.662094601154,14.45897086948338,14.45897086948338,0.15317602991136564
15.00471533659083,11.491712511074308,13.460540368650962,-25.304930042217165,-7.970501083091278,-24.02949891690872,95.30493004221717,2848530.5947855217,21097.56309232645,12.970501083091278,12.970501083091278,0.15453761643197003
15.919921072316933,10.320987464739808,14.152578510614184,-20.62364620195666,-4.605661047434239,-27.39433895256576,90.62364620195666,3826504.176510953,28340.89738575162,9.60566104743424,9.60566104743424,0.15612855727899994
15.918886107030403,12.381081108256144,14.162095249223238,-21.51878108172872,-4.609383088298671,-27.39061691170133,91.51878108172872,3825051.478929269,28330.13802127797,9.60938308829867,9.60938308829867,0.15741011083207435
15.919211990932459,10.64252797696319,14.162681887882322,-20.76563216350712,-4.608211093897978,-27.391788906102022,90.76563216350712,3825508.784624469,28333.525043265592,9.608211093897978,9.608211093897978,0.15642545906687094
15.737518872773123,13.164731358155873,13.994508272753638,-22.695492924787573,-5.264462314520188,-26.735537685479812,92.69549292478757,3585482.9955328717,26555.78067274157,10.264462314520188,10.264462314520188,0.1571030521821552
12.582381759967253,10.152214316448102,11.59796148329079,-35.19012497691733,-17.686064766321522,-14.313935233678478,105.19012497691733,1639055.0811689214,12139.616141060125,22.686064766321522,22.686064766321522,0.1456987663370631
15.837630572604128,11.19282551373626,14.108132999751563,-21.38226579502907,-4.902171768846813,-27.097828231153187,91.38226579502907,3714133.4983570036,27508.62706489907,9.902171768846813,9.902171768846813,0.1566304191029878
4.67531559179519,12.407682934999738,4.967577776976357,-68.47650772736222,-64.87980812855005,32.87980812855005,138.47650772736222,535215.3884529918,3964.0579766075653,69.87980812855005,69.87980812855005,0.09172588623385552
15.919474018589955,28.347954617882692,12.580157229017766,-28.581436143501037,-4.607268762349861,-27.39273123765014,98.58143614350104,3825876.5564755825,28336.24893531248,9.607268762349861,9.607268762349861,0.1486692096222115
15.918159830453263,19.052361707959307,13.68306944315167,-24.436456940195,-4.611995102075923,-27.388004897924077,94.436456940195,3824032.6790019474,28322.59230778468,9.611995102075923,9.611995102075923,0.15591466867192635
15.918370754047562,18.697601052867455,13.719088181961906,-24.2792445710337,-4.611236517729765,-27.388763482270235,94.2792445710337,3824328.5042337417,28324.783329184804,9.611236517729765,9.611236517729765,0.15611324810555088
15.91969435387688,10.495459554856929,14.158678646997334,-20.69994064895542,-4.606476378340403,-27.393523621659597,90.69994064895542,3826185.8617507084,28338.539796280835,9.606476378340403,9.606476378340403,0.15629541494081162
15.350593820663018,14.932860599633813,13.597095451608526,-25.21772111340414,-6.681188945690394,-25.318811054309606,95.21772111340414,3157767.322891673,23387.916369074515,11.681188945690394,11.681188945690394,0.1559870440162299
15.919266674372114,11.084117979789806,14.17124287508315,-20.956001287714116,-4.608014434571146,-27.391985565428854,90.95600128771412,3825585.5307149678,28334.093461061024,9.608014434571146,9.608014434571146,0.15676950128661155
10.2967102225501,10.654171663231558,9.880069174345463,-44.69885687833306,-28.23118976273105,-3.7688102372689514,114.69885687833306,1121996.2325032165,8310.03407438266,33.23118976273105,33.23118976273105,0.13652704193747667
15.919137553793176,16.136081606646474,13.95263886005282,-23.151887926037375,-4.608478794731354,-27.391521205268646,93.15188792603738,3825404.3196117873,28332.75132603748,9.608478794731354,9.608478794731354,0.1572430879510397
15.9198646124765,18.5817937093542,13.731795749595156,-24.22144089230352,-4.6058640890027505,-27.39413591099725,94.22144089230352,3826424.901745239,28340.310239391198,9.60586408900275,9.60586408900275,0.15618003479449732
15.755732926242501,11.29319943179047,14.044509678069398,-21.80462022538984,-5.1984194590226025,-26.801580540977398,91.80462022538984,3608266.4671764183,26724.525825537847,10.198419459022602,10.198419459022602,0.15647951022479759
15.919394993770071,10.344125486495212,14.15306718541856,-20.63607597095097,-4.607552958528231,-27.39244704147177,90.63607597095097,3825765.6333368053,28335.427386152,9.607552958528231,9.607552958528231,0.1561501535544524
14.439979874112334,11.232573647321473,13.026164774620208,-27.69992259841831,-10.124370114182,-21.875629885818,97.69992259841831,2448047.728793377,18131.397818154743,15.124370114182,15.124370114182,0.15273358903228124
15.918782375890455,10.9467322938917,14.168925652605681,-20.898929672877728,-4.60975614615279,-27.39024385384721,90.89892967287773,3824905.9367721234,28329.060067313185,9.60975614615279,9.60975614615279,0.1566689998529213
13.759421253820488,11.553121287869633,12.507808028345497,-30.784684500185506,-12.805442499024423,-19.194557500975577,100.7846845001855,2083440.0584399616,15430.941188583934,17.805442499024423,17.805442499024423,0.1507924510893739
15.919299115569029,10.583712290202783,14.16109502883063,-20.739851480231152,-4.6078977657793985,-27.3921022342206,90.73985148023115,3825631.0620407923,28334.430687566866,9.607897765779398,9.607897765779398,0.15637423168020492
15.919648430086621,12.940745651865686,14.146167658227073,-21.75786969984341,-4.606641531764353,-27.393358468235647,91.75786969984341,3826121.3903655354,28338.062290749094,9.606641531764353,9.606641531764353,0.15755002518268327
15.91972908292157,14.406324343357177,14.075408184353348,-22.394426626275106,-4.606351484256152,-27.39364851574385,92.3944266262751,3826234.6184324664,28338.90091129622,9.606351484256152,9.606351484256152,0.1576079052963882
15.91891344875023,12.688554083637907,14.153858781954572,-21.651907471607615,-4.609284757057765,-27.390715242942235,91.65190747160761,3825089.843030062,28330.42216392978,9.609284757057765,9.609284757057765,0.15749497855211997
9.163045373437765,10.454628964613136,8.994820828842489,-49.15609645500331,-34.12208488470219,2.12208488470219,119.15609645500331,953894.1516380247,7064.990660245911,39.12208488470219,39.12208488470219,0.1304214329515607
15.919604182591334,26.621191579768904,12.800959273573609,-27.801051612976153,-4.606800657152462,-27.393199342847538,97.80105161297615,3826059.274216313,28337.602229207307,9.606800657152462,9.606800657152462,0.15022807600041965
2.4072954518385767,11.992249663635683,2.0511107530278427,-79.83978498183438,-90.56157118135292,58.56157118135292,149.83978498183438,391674.5344279995,2900.926609978888,95.56157118135292,95.56157118135292,0.04520042524569625
15.833823892592093,12.15146074644359,14.099888880487521,-21.81361770246042,-4.9159160845362635,-27.084083915463737,91.81361770246042,3709084.578015156,27471.232375982876,9.915916084536263,9.915916084536263,0.15710845110233337
15.842667422402211,15.293301783614368,13.956529033644061,-23.13561441922434,-4.883989646659302,-27.116010353340698,93.13561441922434,3720833.7895539645,27558.252586395527,9.883989646659302,9.883989646659302,0.15726508758559166
15.9188060895956,10.136725555107802,14.143734627132304,-20.54942299584451,-4.609670862209327,-27.390329137790673,90.54942299584451,3824939.207870946,28329.30648878864,9.609670862209327,9.609670862209327,0.1559343594298576
15.887775933008601,10.040328810660156,14.114648541298571,-20.65261658458047,-4.721349527088876,-27.278650472911124,90.65261658458047,3781861.3334943783,28010.25140326256,9.721349527088876,9.721349527088876,0.1557477939384719
15.179305402982104,10.170831676962017,13.569611858736643,-23.960688494933095,-7.316936016973671,-24.68306398302633,93.9606884949331,2997320.3512773267,22199.570309950916,12.31693601697367,12.31693601697367,0.15398949947057905
10.297021200924053,23.828942410352226,8.955753262249369,-49.809861021697316,-28.22964157070055,-3.770358429299449,119.80986102169732,1122048.199630459,8310.418967473763,33.22964157070055,33.22964157070055,0.1308016293510278
9.7187254337495,10.801737131752176,9.435069583508614,-47.06718078979202,-31.170763164172115,-0.829236835827885,117.06718078979202,1031305.3668197722,7638.334685175911,36.170763164172115,36.170763164172115,0.13371435700572742
12.268913943485583,11.134601939821746,11.38173084279727,-36.88017427446272,-19.043037317946073,-12.956962682053927,106.88017427446272,1547296.9875909,11460.01235795875,24.043037317946073,24.043037317946073,0.14532714751250003
15.919340161783381,11.33817867494298,14.173291129948142,-21.065420433428585,-4.607750150883533,-27.392249849116467,91.06542043342859,3825688.6719898675,28334.85737406378,9.607750150883533,9.607750150883533,0.15693594459753268
15.856538903206232,11.992512627662808,14.120324216173254,-21.63977217805325,-4.833938556314479,-27.16606144368552,91.63977217805325,3739403.61663048,27695.789497207563,9.833938556314479,9.833938556314479,0.15710576780899788
14.612714314854706,12.251592898416462,13.149840003871532,-27.366105090055896,-9.45897086948338,-22.54102913051662,97.3661050900559,2559202.4374573845,18954.662094601154,14.45897086948338,14.45897086948338,0.15372754310370942
15.749552599150617,11.387702331792902,14.04000664182398,-21.8738353983739,-5.220822446768693,-26.779177553231307,91.8738353983739,3600505.496763483,26667.044412754596,10.220822446768693,10.220822446768693,0.15652071844514642
15.919921072316933,11.19557016387784,14.172879439208382,-21.001097572562912,-4.605661047434239,-27.39433895256576,91.00109757256291,3826504.176510953,28340.89738575162,9.60566104743424,9.60566104743424,0.1568468314062677
15.918886107030403,11.214263389818939,14.172214227131136,-21.013990769153736,-4.609383088298671,-27.39061691170133,91.01399076915374,3825051.478929269,28330.13802127797,9.60938308829867,9.60938308829867,0.15685641007940848
15.919211990932459,10.768586051228404,14.165804711068878,-20.82002842096665,-4.608211093897978,-27.391788906102022,90.82002842096665,3825508.784624469,28333.525043265592,9.608211093897978,9.608211093897978,0.15653112949180764
15.737518872773123,12.452612070847003,14.017703957732788,-22.388097250111457,-5.264462314520188,-26.735537685479812,92.38809725011146,3585482.9955328717,26555.78067274157,10.264462314520188,10.264462314520188,0.15695334599495667
12.582381759967253,10.745805095838342,11.613849172582901,-35.42670912874712,-17.686064766321522,-14.313935233678478,105.42670912874712,1639055.0811689214,12139.616141059301,22.686064766321522,22.686064766321522,0.14622855301272183
15.919757116520282,11.691008629866705,14.1731883724314,-21.2160230411381,-4.606250668772475,-27.393749331227525,91.2160230411381,3826273.9761146004,28339.19241288076,9.606250668772475,9.606250668772475,0.15713314552458393
15.8768609201342,22.0099517392741,13.32833438660694,-25.932091437464692,-4.7606720595817364,-27.239327940418264,95.93209143746469,3766923.5239223326,27899.61492967709,9.760672059581736,9.760672059581736,0.15385923976983684
15.91971527968527,12.640552524931213,14.155915540134664,-21.6273786257417,-4.606401124023819,-27.39359887597618,91.6273786257417,3826215.2397008426,28338.75738325432,9.606401124023819,9.606401124023819,0.15748532506419438
15.918159830453263,11.236863091217568,14.171808761969185,-21.02713479216311,-4.611995102075923,-27.388004897924077,91.02713479216311,3824032.6790019474,28322.59230778468,9.611995102075923,9.611995102075923,0.1568691956911329
15.918370754047562,10.126714939073615,14.142919111980547,-20.547140446689355,-4.611236517729765,-27.388763482270235,90.54714044668935,3824328.5042337417,28324.783329184804,9.611236517729765,9.611236517729765,0.15592239875624092
15.91969435387688,14.982475813724847,14.03862273587223,-22.64561165892667,-4.606476378340403,-27.393523621659597,92.64561165892667,3826185.8617507084,28338.539796280835,9.606476378340403,9.606476378340403,0.15753148870720105
15.919557829557402,14.932860599633813,14.04185067297128,-22.624610242148037,-4.606967354956055,-27.393032645043945,92.62461024214804,3825994.204264143,28337.12029040565,9.606967354956055,9.606967354956055,0.15753959861155092
15.919266674372114,10.941563588124598,14.169221691008378,-20.894442494886903,-4.608014434571146,-27.391985565428854,90.8944424948869,3825585.5307149678,28334.09346106295,9.608014434571146,9.608014434571146,0.15666638984007902
15.919911802772921,11.313919597532593,14.173637332758979,-21.05227694327948,-4.605694382644458,-27.394305617355542,91.05227694327948,3826491.1610148293,28340.80098683944,9.605694382644458,9.605694382644458,0.1569224919619642
15.919137553793176,11.407122345941517,14.173330696362386,-21.096159892869935,-4.608478794731354,-27.391521205268646,91.09615989286993,3825404.3196117873,28332.75132603748,9.608478794731354,9.608478794731354,0.15697682474122496
15.919504961374566,12.372844081211728,14.162775390117343,-21.512340235173156,-4.607157483408628,-27.392842516591372,91.51234023517316,3825919.99093553,28336.57063143918,9.607157483408628,9.607157483408628,0.15740914009307827
15.821059496847623,11.299990182055712,14.095821108164122,-21.505280309367265,-4.962021075498399,-27.0379789245016,91.50528030936727,3692247.90197855,27346.532000428688,9.962021075498399,9.962021075498399,0.15665568595707977
15.919562439234006,11.826102063313009,14.171950841877877,-21.27536788139679,-4.606950777319867,-27.393049222680133,91.27536788139679,3826000.675192059,28337.16821715435,9.606950777319867,9.606950777319867,0.15719771349097403
15.919510216877118,11.232573647321473,14.172841647060718,-21.018996705644724,-4.607138583161998,-27.392861416838002,91.01899670564472,3825927.3681885786,28336.625270859913,9.607138583161998,9.607138583161998,0.15686993287937462
15.919413738156878,11.951195882402843,14.170400346884188,-21.330189513764083,-4.607485548179227,-27.392514451820773,91.33018951376408,3825791.943339102,28335.622250456574,9.607485548179227,9.607485548179227,0.15725289850978044
15.919489358566961,11.553121287869633,14.173569409771606,-21.15763890200253,-4.607213595465339,-27.39278640453466,91.15763890200253,3825898.089122199,28336.408416264298,9.607213595465339,9.607213595465339,0.15706041758881883
15.919955517671077,10.753218976931393,14.166039382539882,-20.80993185302242,-4.605537174896256,-27.394462825103744,90.80993185302242,3826552.542439723,28341.255606665807,9.605537174896256,9.605537174896256,0.15652050575132992
15.919930739588374,11.517333062084404,14.173983387196147,-21.140112627130634,-4.605626281928551,-27.39437371807145,91.14011262713063,3826517.7505501155,28340.997921497376,9.60562628192855,9.60562628192855,0.15704191894468464
15.91972908292157,11.476903235570667,14.173855254603792,-21.123571844701928,-4.606351484256152,-27.39364851574385,91.12357184470193,3826234.6184324664,28338.90091129622,9.606351484256152,9.606351484256152,0.15701871788915958
15.919606310638166,13.386797389013473,14.12846371759736,-21.95167337484844,-4.6067930041404,-27.3932069958596,91.95167337484844,3826062.2615981298,28337.624355168136,9.6067930041404,9.6067930041404,0.1576103964134944
15.919102052497244,10.454628964613136,14.156850806314713,-20.685092564966283,-4.608606469589404,-27.391393530410596,90.68509256496628,3825354.4990060297,28332.382331096484,9.608606469589404,9.608606469589404,0.15625585378478032
15.919706849157267,11.238922135301063,14.173041208121502,-21.020824428338983,-4.606431442252017,-27.393568557747983,91.02082442833898,3826203.403948145,28338.669722081133,9.606431442252017,9.606431442252017,0.15687454377939178
2.4072954518385767,11.196693338260825,2.069279992608467,-79.57369664084007,-90.56157118135292,58.56157118135292,149.57369664084007,391674.5344279995,2900.926609978888,95.56157118135292,95.56157118135292,0.04539451335120237
13.346090916932077,12.15146074644359,12.187136325527188,-32.789825535212344,-14.48250971433606,-17.51749028566394,102.78982553521234,1905882.3956472606,14115.865268334923,19.48250971433606,19.48250971433606,0.14967260921108477
15.91895395436411,15.293301783614368,14.016461745215041,-22.78459942506862,-4.609139083671835,-27.390860916328165,92.78459942506862,3825146.679163941,28330.84311918391,9.609139083671835,9.609139083671835,0.15746877752454616
15.919229994139918,10.54845020096651,14.159986408525127,-20.724962389071322,-4.608146348487878,-27.391853651512122,90.72496238907132,3825534.051110984,28333.712178799382,9.608146348487878,9.608146348487878,0.1563425348222942
15.919230630584991,10.969712428651029,14.169645753639937,-20.90676415480965,-4.608144059624635,-27.391855940375365,90.90676415480965,3825534.9443314867,28333.718794412343,9.608144059624635,9.608144059624635,0.1566872357564328
9.16358484290487,10.170831676962017,8.988774019218846,-49.04835294087604,-34.119155950899085,2.119155950899085,119.04835294087604,953965.214362257,7065.5169843476715,39.119155950899085,39.119155950899085,0.1301785084443052
15.88764907722803,11.192367215202168,14.147454332250641,-21.149826978342503,-4.72180642225203,-27.27819357774797,91.1498269783425,3781687.0882192175,28008.960860449723,9.72180642225203,9.72180642225203,0.15676075907545786
15.9191745514477,10.982030143833732,14.169791264401132,-20.91234396974602,-4.608345738681521,-27.39165426131848,90.91234396974602,3825456.2414187607,28333.135883465264,9.608345738681521,9.608345738681521,0.1566961626888479
13.517008506747757,14.136284813554628,12.240800762506119,-32.87800738215287,-13.784380345465024,-18.215619654534976,102.87800738215287,1975983.7479797134,14635.06899617828,18.784380345465024,18.784380345465024,0.15045537931161257
15.919915026663539,12.764780202686755,14.152286342100556,-21.680313251765995,-4.605682788860747,-27.394317211139253,91.680313251766,3826495.687715309,28340.834513719466,9.605682788860747,9.605682788860747,0.15751517170166165
15.856538903206232,11.687782293843863,14.123437856471392,-21.508137384415704,-4.833938556314479,-27.16606144368552,91.5081373844157,3739403.61663048,27695.789497207563,9.833938556314479,9.833938556314479,0.15696638107970282
15.919829023453339,11.120442153465564,14.1720945161379,-20.969072279426882,-4.605992074961478,-27.394007925038522,90.96907227942688,3826374.933089918,28339.94014792713,9.605992074961478,9.605992074961478,0.1567960832823091
15.749552599150617,10.016401974263665,14.005204503829424,-21.284669171351766,-5.220822446768693,-26.779177553231307,91.28466917135177,3600505.496763483,26667.044412752788,10.220822446768693,10.220822446768693,0.15536026748701742
15.44221147981037,11.282112928015028,13.79943899042393,-23.23890843835011,-6.343327981630523,-25.656672018369477,93.23890843835011,3250230.6230734913,24072.743245388094,11.343327981630523,11.343327981630523,0.15563214466509043
15.919493211715036,11.214263389818939,14.172692225924713,-21.011165053670652,-4.607199738464146,-27.392800261535854,91.01116505367065,3825903.49780195,28336.448475501333,9.607199738464146,9.607199738464146,0.15685798736475023
15.41753217935586,16.077229932971,13.565798954616902,-25.409154070909835,-6.434190084042257,-25.565809915957743,95.40915407090984,3224835.9556406043,23884.658343174036,11.434190084042257,11.434190084042257,0.15588740098106713
14.839085418899439,10.644366492944954,13.32355905425413,-25.688249865108673,-8.595817144326872,-23.404182855673128,95.68824986510867,2719374.0555844405,20140.968755734284,13.595817144326872,13.595817144326872,0.1534767433686985
12.582381759967253,10.66217112824269,11.612333346875301,-35.39335422480332,-17.686064766321522,-14.313935233678478,105.39335422480332,1639055.0811689214,12139.616141059301,22.686064766321522,22.686064766321522,0.14616282846666062
15.919757116520282,11.020240616699333,14.170806023152705,-20.926130992496894,-4.606250668772475,-27.393749331227525,90.9261309924969,3826273.9761146004,28339.192412878834,9.606250668772475,9.606250668772475,0.1567254701985303
9.163823357069102,22.0099517392741,8.271210815915135,-53.53074848888622,-34.11786103024053,2.117861030240533,123.53074848888622,953996.6355149272,7065.749704246651,39.11786103024053,39.11786103024053,0.12603773689874798
15.919978290966846,12.640552524931213,14.156122885018268,-21.62615860436631,-4.605455277578244,-27.394544722421756,91.62615860436631,3826584.519850492,28341.49244647261,9.605455277578244,9.605455277578244,0.15748601364916082
15.919993301537385,11.236863091217568,14.173252383377687,-21.01860156567028,-4.605401296617913,-27.394598703382087,91.01860156567028,3826605.597406143,28341.648556807697,9.605401296617913,9.605401296617913,0.15687395973997612
15.919832478044547,10.126714939073615,14.14406669680015,-20.540319315847,-4.6059796514816185,-27.39402034851838,90.540319315847,3826379.7834443455,28339.976071943092,9.605979651481618,9.605979651481618,0.15592617616245427
15.91969435387688,11.218163332797424,14.172880443530811,-21.011913757532056,-4.606476378340403,-27.393523621659597,91.01191375753206,3826185.8617507084,28338.539796280835,9.606476378340403,9.606476378340403,0.15686105432068845
15.919685863588773,11.042527823832632,14.171052186337104,-20.936087526013182,-4.606506911510735,-27.393493088489265,90.93608752601318,3826173.9422713555,28338.451514986566,9.606506911510735,9.606506911510735,0.1567412565517975
15.919266674372114,11.240240518975721,14.172703755994474,-21.023442704547165,-4.608014434571146,-27.391985565428854,91.02344270454716,3825585.5307149678,28334.09346106295,9.608014434571146,9.608014434571146,0.15687424980858938
15.919911802772921,11.101956197615763,14.171956842294838,-20.96070219617559,-4.605694382644458,-27.394305617355542,90.96070219617559,3826491.1610148293,28340.80098683944,9.605694382644458,9.605694382644458,0.15678357080907462
15.919137553793176,12.048204047264132,14.168795748783367,-21.373460820077526,-4.608478794731354,-27.391521205268646,91.37346082007753,3825404.3196117873,28332.75132603748,9.608478794731354,9.608478794731354,0.15729226607912358
15.919504961374566,12.220160887387028,14.166055683593772,-21.44620686598057,-4.607157483408628,-27.392842516591372,91.44620686598057,3825919.99093553,28336.57063143918,9.607157483408628,9.607157483408628,0.15735804332185652
15.821059496847623,10.987870820244837,14.092756765540322,-21.37079733799078,-4.962021075498399,-27.0379789245016,91.37079733799078,3692247.90197855,27346.532000428688,9.962021075498399,9.962021075498399,0.1564446317920375
15.919801057374851,11.826102063313009,14.1721388751708,-21.274258855447215,-4.606092647284754,-27.393907352715246,91.27425885544721,3826335.6682627774,28339.64933407053,9.606092647284754,9.606092647284754,0.15719833541104145
15.919510216877118,11.957898847153114,14.170388197352528,-21.332642212010228,-4.607138583161998,-27.392861416838002,91.33264221201023,3825927.3681885786,28336.625270859913,9.607138583161998,9.607138583161998,0.15725600366334394
15.919952130711955,11.951195882402843,14.170824653216235,-21.327687975539902,-4.605549355085145,-27.394450644914855,91.3276879755399,3826547.7866409584,28341.22038297375,9.605549355085145,9.605549355085145,0.15725430269626922
15.91997922885471,11.553121287869633,14.173955311856256,-21.15536063687921,-4.605451904747952,-27.39454809525205,91.15536063687921,3826585.8368083704,28341.50220048665,9.605451904747952,9.605451904747952,0.1570616924869922
15.91997145110823,10.753218976931393,14.166051915613819,-20.80985760793925,-4.605479875066123,-27.394520124933877,90.80985760793925,3826574.9155240953,28341.421312296625,9.605479875066123,9.605479875066123,0.15652054704747861
15.91993165323239,11.517333062084404,14.173984106900818,-21.140108377597414,-4.605622996276907,-27.394377003723093,91.14010837759741,3826519.0334233604,28341.007423062594,9.605622996276907,9.605622996276907,0.1570419213219672
15.91972908292157,10.667639499964707,14.1637564733138,-20.77405701999345,-4.606351484256152,-27.39364851574385,90.77405701999345,3826234.6184324664,28338.90091129622,9.606351484256152,9.606351484256152,0.15644834605060376
15.919848761690048,12.688554083637907,14.154596130016145,-21.647569456606107,-4.605921091892185,-27.394078908107815,91.6475694566061,3826402.646347884,28340.14540540602,9.605921091892185,9.605921091892185,0.15749742805398032
15.91991224076111,10.454628964613136,14.15748756723637,-20.68131471218146,-4.605692807547371,-27.39430719245263,90.68131471218146,3826491.7759983153,28340.805541697628,9.60569280754737,9.60569280754737,0.156257950651839
15.919988683994333,11.238922135301063,14.173263121674347,-21.019512692095418,-4.605417902205602,-27.394582097794398,91.01951269209542,3826599.113517537,28341.600534066005,9.605417902205602,9.605417902205602,0.1568752760462359
15.919964841623496,25.583257065651566,12.93155357895484,-27.332694746627055,-4.6055036440913,-27.3944963559087,97.33269474662706,3826565.6347247628,28341.35257431297,9.6055036440913,9.6055036440913,0.15113092812512788
15.833823892592093,11.364998670113554,14.106108838112121,-21.474151898408707,-4.9159160845362635,-27.084083915463737,91.4741518984087,3709084.578015156,27471.232375982876,9.915916084536263,9.915916084536263,0.1567289756922953
15.91895395436411,11.893103052629005,14.170754073995571,-21.307186169650777,-4.609139083671835,-27.390860916328165,91.30718616965078,3825146.679163941,28330.84311918391,9.609139083671835,9.609139083671835,0.15722644262141308
15.919703123086482,10.54845020096651,14.160358361009111,-20.722756718896562,-4.60644484211241,-27.39355515788759,90.72275671889656,3826198.1728797224,28338.63097831557,9.60644484211241,9.60644484211241,0.1563437598991673
15.91961722437621,10.969712428651029,14.169949991607679,-20.90496371699726,-4.606753755500677,-27.393246244499323,90.90496371699726,3826077.5825244603,28337.7378291854,9.606753755500677,9.606753755500677,0.15668823886661937
13.906280657956826,12.014425507469475,12.614570588836624,-30.343383922287842,-12.21863193521358,-19.78136806478642,100.34338392228784,2153644.8796782433,15950.911256018535,17.21863193521358,17.21863193521358,0.15146814396815816
15.88764907722803,11.27929705497285,14.14806310694314,-21.18735463150972,-4.72180642225203,-27.27819357774797,91.18735463150972,3781687.0882192175,28008.960860449723,9.72180642225203,9.72180642225203,0.15681686304680706
15.828712417139396,10.982030143833732,14.0986783493364,-21.3327891433197,-4.93437537499625,-27.06562462500375,91.3327891433197,3702325.191556176,27421.16916706218,9.93437537499625,9.93437537499625,0.1564603961307313
13.517008506747757,11.541333841437751,12.324063720188121,-31.815736337859732,-13.784380345465024,-18.215619654534976,101.81573633785973,1975983.7479797134,14635.06899617828,18.784380345465024,18.784380345465024,0.14999214704878566
15.919340161783381,11.897150274687306,14.17101135386127,-21.307142858135535,-4.607750150883533,-27.392249849116467,91.30714285813553,3825688.6719898675,28334.85737406378,9.607750150883533,9.607750150883533,0.1572292399836954
15.8355216621399,11.458102158056843,14.107595530261957,-21.506437490429335,-4.909785847952719,-27.09021415204728,91.50643749042933,3711334.7992307404,27487.898577200584,9.909785847952719,9.909785847952719,0.1567880688600167
15.919829023453339,11.22485321307861,14.173036577255388,-21.014177260561667,-4.605992074961478,-27.394007925038522,91.01417726056167,3826374.933089918,28339.94014792713,9.605992074961478,9.605992074961478,0.15686575682687703
15.919442346976242,11.491712511074308,14.173623610024782,-21.131307758848322,-4.6073826625336665,-27.392617337466334,91.13130775884832,3825832.0999121703,28335.91966900473,9.607382662533666,9.607382662533666,0.1570263376734199
15.899281284428842,11.749725077538468,14.156647594657315,-21.336561272906636,-4.679922225797782,-27.32007777420222,91.33656127290664,3797727.4096478177,28127.763057617827,9.679922225797782,9.679922225797782,0.15710868949357273
15.919493211715036,11.865786892257024,14.17148561166118,-21.292860317584598,-4.607199738464146,-27.392800261535854,91.2928603175846,3825903.49780195,28336.448475501333,9.607199738464146,9.607199738464146,0.1572156435280304
15.919211990932459,11.584879778807554,14.173261635421342,-21.17266090082984,-4.608211093897978,-27.391788906102022,91.17266090082984,3825508.784624469,28333.525043265592,9.608211093897978,9.608211093897978,0.15707679887010464
15.737518872773123,10.502211464243544,14.016017267373407,-21.54885462302917,-5.264462314520188,-26.735537685479812,91.54885462302917,3585482.9955328717,26555.78067274157,10.264462314520188,10.264462314520188,0.155825900089575
12.582381759967253,13.364302294250777,11.571369754636365,-36.47465087107969,-17.686064766321522,-14.313935233678478,106.47465087107969,1639055.0811689214,12139.616141058477,22.686064766321522,22.686064766321522,0.14716933297391538
15.449792524696418,11.691008629866705,13.804965085511732,-23.379005502752022,-6.315438644418691,-25.68456135558131,93.37900550275202,3258105.720222913,24131.069934689684,11.315438644418691,11.315438644418691,0.1558809932645717
15.8768609201342,11.8532824757994,14.138041839206274,-21.485391795887097,-4.7606720595817364,-27.239327940418264,91.4853917958871,3766923.5239223316,27899.61492967709,9.760672059581736,9.760672059581736,0.15709862556870077
15.919978290966846,11.271804064394793,14.173466761844285,-21.03376867721954,-4.605455277578244,-27.394544722421756,91.03376867721954,3826584.519850492,28341.492446474535,9.605455277578244,9.605455277578244,0.1568962686828821
15.919993301537385,13.30398572527314,14.132328927569514,-21.91392088510736,-4.605401296617913,-27.394598703382087,91.91392088510736,3826605.597406143,28341.648556807697,9.605401296617913,9.605401296617913,0.15760326491122872
15.919832478044547,11.491843156026743,14.173930835612707,-21.12954957730244,-4.6059796514816185,-27.39402034851838,91.12954957730244,3826379.7834443455,28339.976071943092,9.605979651481618,9.605979651481618,0.15702742617256166
15.91969435387688,11.263737658624585,14.173194300305902,-21.031604687534923,-4.606476378340403,-27.393523621659597,91.03160468753492,3826185.8617507084,28338.539796280835,9.606476378340403,9.606476378340403,0.1568904079341696
15.919950553145117,11.042527823832632,14.171260522810003,-20.934855011536627,-4.6055550283346065,-27.394444971665393,90.93485501153663,3826545.5715042423,28341.203976624904,9.605555028334607,9.605555028334607,0.15674194358027607
15.919266674372114,11.249681602959068,14.172767591453649,-21.027521830654962,-4.608014434571146,-27.391985565428854,91.02752183065496,3825585.5307149678,28334.09346106295,9.608014434571146,9.608014434571146,0.15688031779295764
15.919911802772921,12.212642123589799,14.166523767760067,-21.441061675259448,-4.605694382644458,-27.394305617355542,91.44106167525945,3826491.1610148293,28340.80098683944,9.605694382644458,9.605694382644458,0.15735643497376842
15.919723872374945,10.9473910242356,14.169677320452465,-20.89482916130447,-4.606370222635007,-27.393629777364993,90.89482916130447,3826227.303185497,28338.846731121797,9.606370222635007,9.606370222635007,0.15667193462563586
15.870714795798683,12.220160887387028,14.127620549216944,-21.67251054339016,-4.782823095835624,-27.217176904164376,91.67251054339016,3758560.658702278,27837.675599646474,9.782823095835624,9.782823095835624,0.15723030422809117
15.919728013539117,12.400099023471348,14.1623090138427,-21.523112762419885,-4.606355330012548,-27.393644669987452,91.52311276241988,3826233.117091246,28338.889791653983,9.606355330012548,9.606355330012548,0.15741822413384005
15.919968824073948,11.826102063313009,14.172271077543765,-21.2734791188862,-4.60548932240431,-27.39451067759569,91.2734791188862,3826571.2267325916,28341.39399136434,9.60548932240431,9.60548932240431,0.15719877265963367
15.919510216877118,11.213363696826612,14.172698662039119,-21.010697207045098,-4.607138583161998,-27.392861416838002,91.0106972070451,3825927.3681885786,28336.625270859913,9.607138583161998,9.607138583161998,0.15685744383730013
15.828935981180392,11.599479284364534,14.102170729439218,-21.597938248478954,-4.933567914857463,-27.066432085142537,91.59793824847895,3702620.3503433163,27423.3552524584,9.933567914857463,9.933567914857463,0.156848521984856
15.91997922885471,11.542872598374885,14.173978018701396,-21.150929338422827,-4.605451904747952,-27.39454809525205,91.15092933842283,3826585.8368083704,28341.50220048665,9.605451904747952,9.605451904747952,0.1570561066704381
15.91997145110823,11.637302474714112,14.173650661658526,-21.191798873118444,-4.605479875066123,-27.394520124933877,91.19179887311844,3826574.9155240953,28341.421312296625,9.605479875066123,9.605479875066123,0.15710633299238147
15.91993165323239,11.659777860460323,14.17350618097246,-21.201704063823,-4.605622996276907,-27.394377003723093,91.201704063823,3826519.0334233604,28341.007423062594,9.605622996276907,9.605622996276907,0.15711778904765628
15.919850204181753,11.476903235570667,14.173950659744827,-21.123008435633835,-4.605915904375252,-27.39408409562475,91.12300843563384,3826404.6716775005,28340.16040595383,9.605915904375252,9.605915904375252,0.1570190329812403
15.919848761690048,10.83483427608406,14.167720103889295,-20.845655540831444,-4.605921091892185,-27.394078908107815,90.84565554083144,3826402.646347884,28340.14540540602,9.605921091892185,9.605921091892185,0.1565858555947665
15.919839853517857,11.760323415428147,14.172758494340227,-21.245620974954477,-4.605953127643431,-27.39404687235657,91.24562097495448,3826390.138878482,28340.05276917971,9.605953127643431,9.605953127643431,0.15716741771258938
15.919988683994333,11.879175191404041,14.171728231480026,-21.29635096291082,-4.605417902205602,-27.394582097794398,91.29635096291082,3826599.113517537,28341.600534066005,9.605417902205602,9.605417902205602,0.15722294374457743
15.89851055175625,25.583257065651566,12.91527118467501,-27.429070389720664,-4.682696696978439,-27.31730330302156,97.42907038972066,3796660.6673466796,28119.862260258407,9.68269669697844,9.68269669697844,0.1510696282321153
15.833823892592093,11.886012162701938,14.103820047936091,-21.69896952144677,-4.9159160845362635,-27.084083915463737,91.69896952144677,3709084.578015156,27471.232375982876,9.915916084536263,9.915916084536263,0.1570004203155522
15.91895395436411,11.413137444034046,14.173196771465074,-21.099613918410398,-4.609139083671835,-27.390860916328165,91.0996139184104,3825146.679163941,28330.84311918391,9.609139083671835,9.609139083671835,0.15697988698400572
15.903841680119735,10.54845020096651,14.147891206271659,-20.79667574292,-4.663507855963189,-27.33649214403681,90.79667574292,3804050.773144128,28174.596874520947,9.66350785596319,9.66350785596319,0.1563026594732118
15.91961722437621,11.51029860097318,14.173745148058659,-21.138529569667753,-4.606753755500677,-27.393246244499323,91.13852956966775,3826077.5825244603,28337.7378291854,9.606753755500677,9.606753755500677,0.15703719448634498
15.919973326747279,10.170831676962017,14.146233100862233,-20.55867509578536,-4.605473129895358,-27.39452687010464,90.55867509578536,3826577.5492362846,28341.44081881121,9.605473129895358,9.605473129895358,0.15597394618952096
15.88764907722803,11.055530010640705,14.14601439329824,-21.090769773724446,-4.72180642225203,-27.27819357774797,91.09076977372445,3781687.0882192175,28008.960860449723,9.72180642225203,9.72180642225203,0.15666720352342353
15.919938609613983,10.982030143833732,14.170392573466755,-20.908785695399786,-4.605597979702111,-27.39440202029789,90.90878569539979,3826528.8011013684,28341.079767099698,9.605597979702111,9.605597979702111,0.1566981453192517
15.919898628129522,11.541333841437751,14.173917676470971,-21.150638892362224,-4.605741761430693,-27.394258238569307,91.15063889236222,3826472.6624565474,28340.66397777899,9.605741761430693,9.605741761430693,0.1570550554496655
15.919340161783381,11.706142324086649,14.172762881079668,-21.22450722012269,-4.607750150883533,-27.392249849116467,91.22450722012269,3825688.6719898675,28334.85737406378,9.607750150883533,9.607750150883533,0.15713961642465707
15.919981804953782,11.458102158056843,14.174052501681722,-21.11426866254925,-4.605442640587398,-27.3945573594126,91.11426866254925,3826589.4541042005,28341.5289918882,9.605442640587398,9.605442640587398,0.157008654813469
15.919894909526755,11.22485321307861,14.173088453943416,-21.01387059828062,-4.605755134312744,-27.394244865687256,91.01387059828062,3826467.441185095,28340.625306576334,9.605755134312744,9.605755134312744,0.15686592800021198
15.919931843077519,11.642604813828275,14.173594027370319,-21.194276149597385,-4.605622313554534,-27.394377686445466,91.19427614959739,3826519.299990464,28341.009397384474,9.605622313554534,9.605622313554534,0.15710897072388838
15.919921072316933,11.603200845077556,14.1737558366022,-21.177285872190737,-4.605661047434239,-27.39433895256576,91.17728587219074,3826504.176510953,28340.89738575162,9.60566104743424,9.60566104743424,0.15708837063797415
15.919493211715036,11.287591376420139,14.17317468945466,-21.0428478602542,-4.607199738464146,-27.392800261535854,91.0428478602542,3825903.49780195,28336.448475501333,9.607199738464146,9.607199738464146,0.1569049717037101
15.896151876734882,11.584879778807554,14.155100401763272,-21.279842712023253,-4.691188046279194,-27.308811953720806,91.27984271202325,3793399.5926710702,28095.709200837733,9.691188046279194,9.691188046279194,0.15701670491865255
15.737518872773123,11.920991158100048,14.027755115443384,-22.15895993494013,-5.264462314520188,-26.735537685479812,92.15895993494013,3585482.9955328717,26555.78067274157,10.264462314520188,10.264462314520188,0.15676137928327155
15.919902574963501,10.745805095838342,14.165825787192608,-20.806978947686275,-4.6057275677832195,-27.39427243221678,90.80697894768628,3826478.204201007,28340.70502255418,9.60572756778322,9.60572756778322,0.15651428074251758
15.23766421888809,11.014384313300358,13.638129251347781,-24.054085921996318,-7.099731891148906,-24.900268108851094,94.05408592199632,3050271.117779618,22591.74869803428,12.099731891148906,12.099731891148906,0.15489138945539568
15.8768609201342,11.483641694347323,14.140104566776456,-21.32569923079319,-4.7606720595817364,-27.239327940418264,91.32569923079319,3766923.5239223326,27899.61492967709,9.760672059581736,9.760672059581736,0.15691077918400423
15.919978290966846,11.2727885591788,14.173472591299875,-21.034194074288962,-4.605455277578244,-27.394544722421756,91.03419407428896,3826584.519850492,28341.492446474535,9.605455277578244,9.605455277578244,0.15689689244306257
15.919993301537385,10.784851465495649,14.166780865437095,-20.82340804801686,-4.605401296617913,-27.394598703382087,90.82340804801686,3826605.597406143,28341.648556807697,9.605401296617913,9.605401296617913,0.15654634074256138
15.919832478044547,11.564309886107573,14.173811513266443,-21.16088094110313,-4.6059796514816185,-27.39402034851838,91.16088094110313,3826379.7834443455,28339.976071943092,9.605979651481618,9.605979651481618,0.15706737158237505
15.919759106004308,11.71698805172936,14.173019639637943,-21.227250773474736,-4.606243514120138,-27.393756485879862,91.22725077347474,3826276.769273193,28339.21310033265,9.606243514120138,9.606243514120138,0.15714608158172824
15.919997582922045,11.042527823832632,14.171297539971048,-20.93463601808577,-4.605385899924784,-27.394614100075216,90.93463601808577,3826611.609284258,28341.693083616738,9.605385899924784,9.605385899924784,0.15674206564899035
15.91995480823688,11.249681602959068,14.173309427145096,-21.024319183760838,-4.605539726164807,-27.394460273835193,91.02431918376084,3826551.546286721,28341.248228686138,9.605539726164807,9.605539726164807,0.15688210585128426
15.919911802772921,11.379381786565617,14.173877373379407,-21.0805678358268,-4.605694382644458,-27.394305617355542,91.0805678358268,3826491.1610148293,28340.80098683944,9.605694382644458,9.605694382644458,0.15696236251324783
15.828894064401904,11.407122345941517,14.102334983795386,-21.515164755424905,-4.933719307637887,-27.066280692362113,91.5151647554249,3702565.006677295,27422.94535112619,9.933719307637887,9.933719307637887,0.1567411129056414
15.919504961374566,11.543231785418818,14.173603667432472,-21.153290394170313,-4.607157483408628,-27.392842516591372,91.15329039417031,3825919.99093553,28336.57063143918,9.607157483408628,9.607157483408628,0.15705506876115607
15.91974514015764,12.400099023471348,14.162322514851871,-21.523033272281623,-4.606293738602744,-27.393706261397256,91.52303327228162,3826257.161845443,28339.067878461134,9.606293738602744,9.606293738602744,0.15741826891253569
15.91999179839095,11.826102063313009,14.17228918165193,-21.273372339711955,-4.605406702225878,-27.394593297774122,91.27337233971195,3826603.4867069894,28341.632923972775,9.605406702225878,9.605406702225878,0.1571988325368103
15.919510216877118,11.682759824153898,14.173044063580518,-21.21360320472246,-4.607138583161998,-27.392861416838002,91.21360320472246,3825927.3681885786,28336.625270859913,9.607138583161998,9.607138583161998,0.15712835479309015
15.919952130711955,11.572973000888975,14.17388151203096,-21.164070389329368,-4.605549355085145,-27.394450644914855,91.16407038932937,3826547.7866409584,28341.22038297375,9.605549355085145,9.605549355085145,0.1570723494321419
15.91997922885471,11.418814624536711,14.174013385508859,-21.097297999417094,-4.605451904747952,-27.39454809525205,91.0972979994171,3826585.8368083704,28341.50220048665,9.605451904747952,9.605451904747952,0.1569858836850695
15.903816729140441,11.637302474714112,14.160925682681528,-21.266889397142904,-4.66359765314354,-27.33640234685646,91.2668893971429,3804016.1229805443,28174.340239042394,9.66359765314354,9.66359765314354,0.1570642395324794
15.91993165323239,11.24702978781426,14.173273540245601,-21.023281175958857,-4.605622996276907,-27.394377003723093,91.02328117595886,3826519.0334233604,28341.007423062594,9.605622996276907,9.605622996276907,0.15688034430819892
15.919994659249927,11.476903235570667,14.174064444902637,-21.122336482812557,-4.6053964140188555,-27.394603585981145,91.12233648281256,3826607.5038907854,28341.66267713349,9.605396414018855,9.605396414018855,0.15701940877050025
15.919848761690048,11.655764530714137,14.173462097287382,-21.200353760358723,-4.605921091892185,-27.394078908107815,91.20035376035872,3826402.646347884,28340.14540540602,9.605921091892185,9.605921091892185,0.1571155202020475
15.87691133043808,11.760323415428147,14.138950540800293,-21.444984493173934,-4.760490404198549,-27.23950959580145,91.44498449317393,3766992.2596624717,27900.124019035982,9.76049040419855,9.76049040419855,0.15705534223911918
15.919984903729624,11.238922135301063,14.173260145125878,-21.019530286588918,-4.605431496779431,-27.39456850322057,91.01953028658892,3826593.805338607,28341.56121918553,9.605431496779431,9.605431496779431,0.15687526622442813
15.919603127086992,25.583257065651566,12.931278996923037,-27.334320349097254,-4.606804453021823,-27.393195546978177,97.33432034909725,3826057.7924862667,28337.591254814688,9.606804453021823,9.606804453021823,0.15112989568796015
15.919993749569162,11.364998670113554,14.173900181394393,-21.073970200343865,-4.6053996854082015,-27.3946003145918,91.07397020034387,3826606.2265271363,28341.653216373015,9.605399685408202,9.605399685408202,0.15695393515329198
15.91895395436411,10.870479252860473,14.167713923200795,-20.865210744696356,-4.609139083671835,-27.390860916328165,90.86521074469636,3825146.679163941,28330.84311918391,9.609139083671835,9.609139083671835,0.15661140648334343
15.919703123086482,11.274102205428761,14.173263646387582,-21.036042296443497,-4.60644484211241,-27.39355515788759,91.0360422964435,3826198.1728797224,28338.630978317495,9.60644484211241,9.60644484211241,0.15689700916971291
15.91961722437621,11.57171297436264,14.173621338635487,-21.165083052212935,-4.606753755500677,-27.393246244499323,91.16508305221294,3826077.5825244603,28337.7378291854,9.606753755500677,9.606753755500677,0.15707080046367594
15.91999208989485,10.071080412266017,14.141480256456276,-20.515600275611234,-4.605405653921025,-27.394594346078975,90.51560027561123,3826603.8960328624,28341.63595563161,9.605405653921025,9.605405653921025,0.15586551728974932
15.919956615558133,11.27929705497285,14.173493314662945,-21.03710727340058,-4.605533226673174,-27.394466773326826,91.03710727340058,3826554.0840402367,28341.267024487388,9.605533226673174,9.605533226673174,0.15690095167038037
15.919938609613983,12.19133755693289,14.166955220709674,-21.431711296877438,-4.605597979702111,-27.39440202029789,91.43171129687744,3826528.8011013684,28341.079767099698,9.605597979702111,9.605597979702111,0.15734885655835207
15.919898628129522,12.240734531750487,14.165955810807759,-21.453288920188697,-4.605741761430693,-27.394258238569307,91.4532889201887,3826472.6624565474,28340.66397777899,9.605741761430693,9.605741761430693,0.15736630516928646
15.919340161783381,11.703631155746454,14.172779404488528,-21.223421064001855,-4.607750150883533,-27.392249849116467,91.22342106400185,3825688.6719898675,28334.85737406378,9.607750150883533,9.607750150883533,0.15713836721001928
15.919997915570697,11.458102158056843,14.174065191461406,-21.114193718182094,-4.605384703655432,-27.39461529634457,91.1141937181821,3826612.076387008,28341.69654320034,9.605384703655432,9.605384703655432,0.15700869671963838
15.919917719528321,11.22485321307861,14.173106413863733,-21.0137644304603,-4.605673104758466,-27.394326895241534,91.0137644304603,3826499.4688041,28340.86251825098,9.605673104758466,9.605673104758466,0.15686598726079876
15.919442346976242,11.28661022064373,14.173129271540425,-21.042660603940078,-4.6073826625336665,-27.392617337466334,91.04266060394008,3825832.0999121703,28335.91966900473,9.607382662533666,9.607382662533666,0.1569042227029041
15.919982582758283,11.603200845077556,14.173804295682816,-21.176999833948287,-4.605439843449176,-27.394560156550824,91.17699983394829,3826590.5462796763,28341.537081055667,9.605439843449176,9.605439843449176,0.15708853075949417
15.919493211715036,11.253171137574299,14.172968864711649,-21.027975237110752,-4.607199738464146,-27.392800261535854,91.02797523711075,3825903.49780195,28336.448475501333,9.607199738464146,9.607199738464146,0.1568831416811905
15.919211990932459,11.369140378809767,14.173297154298478,-21.079397563947964,-4.608211093897978,-27.391788906102022,91.07939756394796,3825508.784624469,28333.525043265592,9.608211093897978,9.608211093897978,0.15695439750178977
15.919881067211819,11.396866091881737,14.173895606010793,-21.088267788620954,-4.60580491422661,-27.39419508577339,91.08826778862095,3826448.0053770635,28340.481355801527,9.60580491422661,9.60580491422661,0.1569726958105263
15.919902574963501,12.15947499877501,14.16752018098623,-21.418081498241236,-4.6057275677832195,-27.39427243221678,91.41808149824124,3826478.204201007,28340.705022556103,9.60572756778322,9.60572756778322,0.15733710160901263
15.919757116520282,11.272797347956136,14.173298482749694,-21.035227195634775,-4.606250668772475,-27.393749331227525,91.03522719563477,3826273.9761146004,28339.19241288076,9.606250668772475,9.606250668772475,0.15689632325197445
15.8768609201342,11.11681627645467,14.13824859446276,-21.16736046386353,-4.7606720595817364,-27.239327940418264,91.16736046386353,3766923.5239223326,27899.61492967709,9.760672059581736,9.760672059581736,0.15668179606466615
15.919978290966846,11.354934781458933,14.17385513426212,-21.069692658299914,-4.605455277578244,-27.394544722421756,91.06969265829991,3826584.519850492,28341.492446474535,9.605455277578244,9.605455277578244,0.1569478092726859
15.919993301537385,11.590613243124128,14.173858004011613,-21.171506768393158,-4.605401296617913,-27.394598703382087,91.17150676839316,3826605.597406143,28341.648556807697,9.605401296617913,9.605401296617913,0.15708188735665563
15.919570041698591,11.491843156026743,14.173724115112103,-21.13077028086775,-4.606923436822058,-27.393076563177942,91.13077028086775,3826011.347351901,28337.247260211152,9.606923436822058,9.606923436822058,0.15702674339539177
15.919976412838718,11.522952249860118,14.17401137915582,-21.142329640238813,-4.6054620316986075,-27.394537968301393,91.14232964023881,3826581.882634249,28341.472914005346,9.605462031698607,9.605462031698607,0.15704514901123323
15.919997606705243,11.458758981181823,14.174065184901636,-21.114479090460634,-4.605385814395561,-27.39461418560444,91.11447909046063,3826611.6426805337,28341.69333096533,9.60538581439556,9.60538581439556,0.15700907232751402
15.91995480823688,11.448874435583626,14.174026583044427,-21.110405282454394,-4.605539726164807,-27.394460273835193,91.1104052824544,3826551.546286721,28341.248228686138,9.605539726164807,9.605539726164807,0.157003281918005
15.919871951349394,10.901848334531238,14.169014216015928,-20.87447667206186,-4.605837696827734,-27.394162303172266,90.87447667206186,3826435.2060183557,28340.38655770514,9.605837696827734,9.605837696827734,0.15663792339587168
15.919137553793176,11.528681269138549,14.173341508594685,-21.148708130131013,-4.608478794731354,-27.391521205268646,91.14870813013101,3825404.3196117873,28332.75132603748,9.608478794731354,9.608478794731354,0.1570461280180783
15.919998364430752,11.652445359111873,14.17359718162023,-21.198222666382833,-4.60538308946758,-27.39461691053242,91.19822266638283,3826612.70667299,28341.70121139604,9.60538308946758,9.60538308946758,0.1571142081796627
15.91974514015764,11.64035472143583,14.173457819173883,-21.19417117934006,-4.606293738602744,-27.393706261397256,91.19417117934006,3826257.161845443,28339.067878461134,9.606293738602744,9.606293738602744,0.1571073225363236
15.91999179839095,11.592666948051871,14.173849738250247,-21.172401825264387,-4.605406702225878,-27.394593297774122,91.17240182526439,3826603.4867069894,28341.632923972775,9.605406702225878,9.605406702225878,0.15708297519274037
15.919510216877118,11.52145907853722,14.173646352653323,-21.143852393382076,-4.607138583161998,-27.392861416838002,91.14385239338208,3825927.3681885786,28336.625270859913,9.607138583161998,9.607138583161998,0.15704311015320524
15.919952130711955,11.555284407772973,14.173928791026668,-21.156421961409876,-4.605549355085145,-27.394450644914855,91.15642196140988,3826547.7866409584,28341.22038297375,9.605549355085145,9.605549355085145,0.15706279677232896
15.91997922885471,11.449966481980688,14.174046498447018,-21.110763744909036,-4.605451904747952,-27.39454809525205,91.11076374490904,3826585.8368083704,28341.50220048665,9.605451904747952,9.605451904747952,0.1570039743874849
15.91997145110823,18.63730408434332,13.726356285521954,-24.245384645910974,-4.605479875066123,-27.394520124933877,94.24538464591097,3826574.9155240953,28341.421312296625,9.605479875066123,9.605479875066123,0.15615037961564657
15.91956936284232,11.517333062084404,14.173698721214418,-21.14179344583721,-4.6069258781705,-27.3930741218295,91.14179344583721,3826010.3943872894,28337.240202105102,9.6069258781705,9.6069258781705,0.15704097863337477
15.919994659249927,11.764720511497597,14.172844697571026,-21.246803531494493,-4.6053964140188555,-27.394603585981145,91.24680353149449,3826607.5038907854,28341.66267713349,9.605396414018855,9.605396414018855,0.1571699338018252
15.919951330439982,11.655764530714137,14.173542907951223,-21.199876852290743,-4.605552233024582,-27.394447766975418,91.19987685229074,3826546.6629408337,28341.212060319842,9.605552233024582,9.605552233024582,0.1571157872810519
15.919999631558762,11.760323415428147,14.172884393221278,-21.24487824946158,-4.605378532629345,-27.394621467370655,91.24487824946158,3826614.4859659476,28341.714389680135,9.605378532629345,9.605378532629345,0.15716783399141113
15.919988683994333,11.653314157358441,14.173585077522276,-21.198643419049176,-4.605417902205602,-27.394582097794398,91.19864341904918,3826599.113517537,28341.600534066005,9.605417902205602,9.605417902205602,0.15711462868277679
15.919964841623496,11.570430991105368,14.173898864158172,-21.162912108445425,-4.6055036440913,-27.3944963559087,91.16291210844543,3826565.6347247628,28341.35257431297,9.6055036440913,9.6055036440913,0.15707101564049392
15.919976651301711,11.364998670113554,14.173886715562618,-21.074049756830732,-4.605461174138497,-27.394538825861503,91.07404975683073,3826582.217477274,28341.47539401095,9.605461174138497,9.605461174138497,0.15695389069979643
15.91895395436411,11.151483804616088,14.17172165662275,-20.98655452397469,-4.609139083671835,-27.390860916328165,90.98655452397469,3825146.679163941,28330.84311918391,9.609139083671835,9.609139083671835,0.15681491559488778
15.919703123086482,11.404805544363434,14.173771737156676,-21.092527297821164,-4.60644484211241,-27.39355515788759,91.09252729782116,3826198.1728797224,28338.630978317495,9.60644484211241,9.60644484211241,0.15697692905759475
15.91961722437621,11.068955522259635,14.171335509229522,-20.947820570579495,-4.606753755500677,-27.393246244499323,90.9478205705795,3826077.5825244603,28337.7378291854,9.606753755500677,9.606753755500677,0.1567597882240621
15.919999527012605,10.170831676962017,14.146253674098704,-20.55855284040115,-4.605378908597345,-27.394621091402655,90.55855284040115,3826614.339162956,28341.713302387834,9.605378908597345,9.605378908597345,0.1559740139047592
15.91992822790227,11.27929705497285,14.173470960947608,-21.037239385091198,-4.605635314469396,-27.394364685530604,91.0372393850912,3826514.223824906,28340.971800904623,9.605635314469396,9.605635314469396,0.15690087789843826
15.919998419257855,10.982030143833732,14.170439643771559,-20.908507152483367,-4.6053828922985645,-27.394617107701436,90.90850715248337,3826612.783660866,28341.701781604614,9.605382892298564,9.605382892298564,0.15669830051129058
15.91998097769197,11.463481891885845,14.174053419161737,-21.116598106727224,-4.605445615584074,-27.394554384415926,91.11659810672722,3826588.292482497,28341.520388369172,9.605445615584074,9.605445615584074,0.15701173164595142
15.919997994552288,11.33817867494298,14.173809183577166,-21.06235945117737,-4.605384419622283,-27.394615580377717,91.06235945117737,3826612.187292379,28341.697364617903,9.605384419622283,9.605384419622283,0.15693765469808862
15.919997915570697,11.324672509058992,14.173753426435596,-21.05652303451211,-4.605384703655432,-27.39461529634457,91.05652303451211,3826612.076387008,28341.69654320034,9.605384703655432,9.605384703655432,0.1569293612717756
15.919917719528321,11.898191129957922,14.17145433086877,-21.304909418869954,-4.605673104758466,-27.394326895241534,91.30490941886995,3826499.4688041,28340.86251825098,9.605673104758466,9.605673104758466,0.1572312055831787
15.919442346976242,11.585518631748762,14.173441019592673,-21.17186591851612,-4.6073826625336665,-27.392617337466334,91.17186591851612,3825832.0999121703,28335.91966900473,9.607382662533666,9.607382662533666,0.15707773937006034
15.919982582758283,11.899485138750315,14.171490274170633,-21.305167966827355,-4.605439843449176,-27.394560156550824,91.30516796682736,3826590.5462796763,28341.537081055667,9.605439843449176,9.605439843449176,0.15723194578281485
15.919998816764409,11.287591376420139,14.173572829165957,-21.04049492085477,-4.605381462787818,-27.39461853721218,91.04049492085477,3826613.3418368595,28341.705915719675,9.605381462787818,9.605381462787818,0.1569062857175995
15.91968557565064,11.369140378809767,14.17367012590361,-21.077194096714265,-4.606507947007344,-27.393492052992656,91.07719409671427,3826173.5380375125,28338.448521039783,9.606507947007344,9.606507947007344,0.15695562885663192
15.919881067211819,11.453572313391067,14.173971179975396,-21.112779108556822,-4.60580491422661,-27.39419508577339,91.11277910855682,3826448.0053770635,28340.481355801527,9.60580491422661,9.60580491422661,0.15700579310282342
15.919902574963501,12.729268316453012,14.15339204932458,-21.66497252391389,-4.6057275677832195,-27.39427243221678,91.66497252391389,3826478.204201007,28340.705022556103,9.60572756778322,9.60572756778322,0.1575071195164301
15.919757116520282,11.381271767873447,14.173760572043088,-21.082104402995242,-4.606250668772475,-27.393749331227525,91.08210440299524,3826273.9761146004,28339.19241288076,9.606250668772475,9.606250668772475,0.15696309069636452
15.919890748276723,11.483641694347323,14.173980751231946,-21.125732923147666,-4.605770099051028,-27.39422990094897,91.12573292314767,3826461.598410545,28340.582032228172,9.605770099051028,9.605770099051028,0.15702295359780385
15.919978290966846,11.514332842787404,14.174024738555238,-21.13859432869782,-4.605455277578244,-27.394544722421756,91.13859432869782,3826584.519850492,28341.492446474535,9.605455277578244,9.605455277578244,0.1570403774805711
15.919999844138736,11.590613243124128,14.173863158319843,-21.17147634275443,-4.605377768150163,-27.394622231849837,91.17147634275443,3826614.7844696604,28341.716600539632,9.605377768150163,9.605377768150163,0.15708190438688205
15.919999340394217,11.491843156026743,14.174062273400438,-21.12877342187761,-4.605379579713372,-27.39462042028663,91.12877342187761,3826614.077114499,28341.711361533187,9.605379579713372,9.605379579713372,0.15702786028719964
15.919999994327938,11.522952249860118,14.174029955168116,-21.142219959435863,-4.605377228040766,-27.394622771959234,91.14221995943586,3826614.9953644625,28341.71816252615,9.605377228040766,9.605377228040766,0.15704521037128022
15.919567695191141,11.458758981181823,14.173726559802768,-21.11647895810927,-4.606931875489977,-27.393068124510023,91.11647895810927,3826008.0533743324,28337.222863457366,9.606931875489977,9.606931875489977,0.15700795403618564
15.919962383820629,11.448874435583626,14.174032549987112,-21.11037004115235,-4.605512482842528,-27.394487517157472,91.11037004115235,3826562.1835776125,28341.32701348702,9.605512482842528,9.605512482842528,0.15700330162235407
15.919911802772921,11.620054053109197,14.17368098934981,-21.184617000055823,-4.605694382644458,-27.394305617355542,91.18461700005582,3826491.1610148293,28340.80098683944,9.605694382644458,9.605694382644458,0.1570972028978567
15.919998315706684,11.407862096586257,14.174010002280195,-21.092475078744428,-4.605383264688555,-27.394616735311445,91.09247507874443,3826612.6382550923,28341.700704660772,9.605383264688555,9.605383264688555,0.15697949916586618
15.919504961374566,11.539289710837117,14.17361164838945,-21.1515859793534,-4.607157483408628,-27.392842516591372,91.1515859793534,3825919.99093553,28336.57063143918,9.607157483408628,9.607157483408628,0.15705291202457514
15.919999707197691,11.64035472143583,14.173658380632604,-21.192987491242945,-4.605378260617044,-27.394621739382956,91.19298749124295,3826614.592177706,28341.715176334583,9.605378260617044,9.605378260617044,0.1571079853512697
15.919994802833088,11.592666948051871,14.173852105177161,-21.172387853511907,-4.605395897665744,-27.394604102334256,91.1723878535119,3826607.7055087755,28341.664170411557,9.605395897665744,9.605395897665744,0.157082983013315
15.919510216877118,11.055832049398806,14.171086605759735,-20.94265105181563,-4.607138583161998,-27.392861416838002,90.94265105181563,3825927.3681885786,28336.625270859913,9.607138583161998,9.607138583161998,0.15675025040754573
15.9199999099762,12.718825755457335,14.153791809502591,-21.659993306830586,-4.605377531385898,-27.394622468614102,91.65999330683059,3826614.87691825,28341.717285257553,9.605377531385898,9.605377531385898,0.15750496130522845
15.919906115856165,11.449966481980688,14.173988910595536,-21.11110386241006,-4.605714833988429,-27.39428516601157,91.11110386241006,3826483.175976631,28340.741845874803,9.60571483398843,9.60571483398843,0.15700378421673128
15.919999493017215,11.637302474714112,14.173672754546597,-21.19166848200041,-4.605379030851509,-27.39462096914849,91.19166848200041,3826614.291426765,28341.712948831057,9.605379030851509,9.605379030851509,0.15710640600297665
15.91993165323239,11.497396075596157,14.174005135129702,-21.131488917658316,-4.605622996276907,-27.394377003723093,91.13148891765832,3826519.0334233604,28341.007423062594,9.605622996276907,9.605622996276907,0.15703080305896977
15.919994659249927,11.779173126402146,14.172723454981195,-21.253055821287717,-4.6053964140188555,-27.394603585981145,91.25305582128772,3826607.5038907854,28341.66267713349,9.605396414018855,9.605396414018855,0.157176838378392
15.919951330439982,11.487090751382532,14.17402701938316,-21.126942193421655,-4.605552233024582,-27.394447766975418,91.12694219342166,3826546.6629408337,28341.212060319842,9.605552233024582,9.605552233024582,0.1570250584418008
15.89842916600887,11.760323415428147,14.15589222295851,-21.34510094042895,-4.6829896739991455,-27.317010326000855,91.34510094042895,3796548.0570890484,28119.02821549878,9.682989673999145,9.682989673999145,0.1571115775231195
15.91986705630219,11.653314157358441,14.17348925113504,-21.199208948407886,-4.605855300475525,-27.394144699524475,91.19920894840789,3826428.3330358467,28340.335653150214,9.605855300475525,9.605855300475525,0.15711431198113557
15.919829123640362,11.570430991105368,14.173791947592473,-21.163543277467397,-4.6059917146665725,-27.394008285333427,91.1635432774674,3826375.0737554785,28339.94118976271,9.605991714666573,9.605991714666573,0.15707066240453485
15.919998835815166,11.364998670113554,14.173904187095653,-21.07394653454827,-4.605381394277629,-27.39461860572237,91.07394653454827,3826613.368587786,28341.706113849676,9.605381394277629,9.605381394277629,0.15695394837692273
15.91895395436411,11.500768927861227,14.173232244890835,-21.137494637937607,-4.609139083671835,-27.390860916328165,91.1374946379376,3825146.679163941,28330.84311918391,9.609139083671835,9.609139083671835,0.15703014889296193
15.919703123086482,11.38133523999118,14.173718215326316,-21.082383049235318,-4.60644484211241,-27.39355515788759,91.08238304923532,3826198.1728797224,28338.630978317495,9.60644484211241,9.60644484211241,0.1569629882465089
15.91961722437621,10.801109517606363,14.16683710476149,-20.832177441603278,-4.606753755500677,-27.393246244499323,90.83217744160328,3826077.5825244603,28337.7378291854,9.606753755500677,9.606753755500677,0.15655844485605408
15.919999527012605,11.404597529021991,14.174004782382104,-21.091058389418492,-4.605378908597345,-27.394621091402655,91.09105838941849,3826614.339162956,28341.713302387834,9.605378908597345,9.605378908597345,0.15697757706627594
15.919956615558133,10.706186316658659,14.164916112826097,-20.78962979769466,-4.605533226673174,-27.394466773326826,90.78962979769466,3826554.0840402367,28341.267024487388,9.605533226673174,9.605533226673174,0.1564815274354979
15.919998419257855,10.96176494858869,14.170124925907212,-20.89975677118923,-4.6053828922985645,-27.394617107701436,90.89975677118923,3826612.783660866,28341.701781604614,9.605382892298564,9.605382892298564,0.15668334505803722
15.919873834880825,11.463481891885845,14.173969025929948,-21.117096512514934,-4.605830923242593,-27.394169076757407,91.11709651251493,3826437.8506320445,28340.406144963308,9.605830923242593,9.605830923242593,0.15701145294163316
15.108579747663073,11.18764110504365,13.539953168408818,-24.71003375725269,-7.5810093527206845,-24.418990647279315,94.71003375725269,2935368.884220732,21740.728482069087,12.581009352720685,12.581009352720685,0.15464910644811924
15.919997915570697,11.528174886574313,14.17402008524065,-21.14448765811801,-4.605384703655432,-27.39461529634457,91.14448765811801,3826612.076387008,28341.69654320034,9.605384703655432,9.605384703655432,0.15704808780752502
15.919999628007798,11.22485321307861,14.173170906262522,-21.013383191349362,-4.605378545399162,-27.394621454600838,91.01338319134936,3826614.480979759,28341.714352750063,9.605378545399162,9.605378545399162,0.15686620005870003
15.919442346976242,11.510199967082023,14.173607506873754,-21.139300314438458,-4.6073826625336665,-27.392617337466334,91.13930031443846,3825832.0999121703,28335.91966900473,9.607382662533666,9.607382662533666,0.15703668454290454
15.919982582758283,12.252848027289907,14.16577579678197,-21.45814540091237,-4.605439843449176,-27.394560156550824,91.45814540091237,3826590.5462796763,28341.537081055667,9.605439843449176,9.605439843449176,0.1573707322886889
15.919998816764409,11.454732928668513,14.174064489467217,-21.112733061914014,-4.605381462787818,-27.39461853721218,91.11273306191401,3826613.3418368595,28341.705915719675,9.605381462787818,9.605381462787818,0.15700676607994113
15.91968557565064,10.818534755547507,14.167257947158348,-20.83938019234165,-4.606507947007344,-27.393492052992656,90.83938019234165,3826173.5380375125,28338.448521039783,9.606507947007344,9.606507947007344,0.15657252845560934
15.91995485917181,11.453572313391067,14.174029302882177,-21.112435835903568,-4.605539542992517,-27.394460457007483,91.11243583590357,3826551.6178070614,28341.24875839956,9.605539542992517,9.605539542992517,0.1570059850436844
15.91999871302534,12.15947499877501,14.167595959010521,-21.4176350287928,-4.605381835853677,-27.394618164146323,91.4176350287928,3826613.196167142,28341.704836820943,9.605381835853677,9.605381835853677,0.15733735262753662
15.919723189863344,11.381271767873447,14.173733852410702,-21.08226225240685,-4.60637267711121,-27.39362732288879,91.08226225240685,3826226.3449883657,28338.839634261236,9.60637267711121,9.60637267711121,0.15696300248144499
15.919997664915336,11.483641694347323,14.17406496876102,-21.12523559309477,-4.605385605061031,-27.39461439493897,91.12523559309477,3826611.724418582,28341.69393635592,9.60538560506103,9.60538560506103,0.15702323174289723
15.919787197393061,11.514332842787404,14.17387420923273,-21.139483145817792,-4.606142490953175,-27.393857509046825,91.13948314581779,3826316.2089033714,28339.505208863116,9.606142490953175,9.606142490953175,0.15703988026453125
15.505759703833283,11.590613243124128,13.849132920019782,-23.080704894340386,-6.1098625634335235,-25.890137436566476,93.08070489434039,3317353.0389074334,24569.883562419724,11.109862563433524,11.109862563433524,0.15598184016438424
15.919999340394217,11.463222861934767,14.174067826680185,-21.116400710725202,-4.605379579713372,-27.39462042028663,91.1164007107252,3826614.077114499,28341.711361533187,9.605379579713372,9.605379579713372,0.15701163137078203
15.91999709706746,11.522952249860118,14.1740276728881,-21.142233435009302,-4.605387647152327,-27.394612352847673,91.1422334350093,3826610.9270511633,28341.68803067618,9.605387647152327,9.605387647152327,0.15704520283249082
15.919997606705243,11.446070656586311,14.174058387084694,-21.108994182288825,-4.605385814395561,-27.39461418560444,91.10899418228882,3826611.6426805337,28341.69333096533,9.60538581439556,9.60538581439556,0.15700177669954948
15.919962383820629,11.352404567967632,14.173833865101122,-21.068673168747637,-4.605512482842528,-27.394487517157472,91.06867316874764,3826562.1835776125,28341.32701348702,9.605512482842528,9.605512482842528,0.15694623269468774
15.919998632693908,11.379381786565617,14.173945758226358,-21.080163839530485,-4.605382124741141,-27.39461787525886,91.08016383953048,3826613.083366265,28341.704001364364,9.60538212474114,9.60538212474114,0.15696258827852314
15.919998315706684,11.414707509677818,14.174021927019732,-21.09543392720815,-4.605383264688555,-27.394616735311445,91.09543392720815,3826612.6382550923,28341.700704660772,9.605383264688555,9.605383264688555,0.15698352507220092
15.919999464719005,11.539289710837117,14.174001193258292,-21.149286089071666,-4.605379132617031,-27.39462086738297,91.14928608907167,3826614.251690727,28341.712654527193,9.605379132617031,9.605379132617031,0.15705419888385605
15.919998129612624,11.64035472143583,14.173657137723263,-21.192994826755353,-4.605383933919313,-27.394616066080687,91.19299482675535,3826612.37694301,28341.69876926006,9.605383933919313,9.605383933919313,0.15710798124376907
15.919989731429157,11.592666948051871,14.173848109878906,-21.17241143738454,-4.605414135424837,-27.394585864575163,91.17241143738454,3826600.5843089023,28341.61142744159,9.605414135424837,9.605414135424837,0.1570829698124294
15.919510216877118,13.012373747853328,14.143476203898135,-21.789586265982905,-4.607138583161998,-27.392861416838002,91.7895862659829,3825927.3681885786,28336.625270859913,9.607138583161998,9.607138583161998,0.15756218404539696
15.919952130711955,11.461031404599286,14.174030087005315,-21.11567297724133,-4.605549355085145,-27.394450644914855,91.11567297724133,3826547.7866409584,28341.22038297375,9.605549355085145,9.605549355085145,0.15701025525812723
15.919975988643932,11.449966481980688,14.17404394627511,-21.110778818212225,-4.605463557187136,-27.394536442812864,91.11077881821222,3826581.2869919585,28341.46850239719,9.605463557187136,9.605463557187136,0.1570039659595549
12.953413358409216,11.637302474714112,11.89729982826813,-34.23500791899829,-16.112092111686252,-15.887907888313748,104.23500791899829,1760126.6406688702,13036.329299033598,21.112092111686252,21.112092111686252,0.14810923658396025
15.919999296307187,11.497396075596157,14.174058418185716,-21.131174281330857,-4.605379738258819,-27.39462026174118,91.13117428133086,3826614.015207793,28341.71090302288,9.605379738258819,9.605379738258819,0.15703097904576954
15.919998829939889,11.476903235570667,14.174067730100761,-21.12231708220429,-4.6053814154059864,-27.394618584594014,91.12231708220429,3826613.3603378693,28341.706052746893,9.605381415405986,9.605381415405986,0.15701941962016785
15.919998363164751,11.908331790091374,14.171397817313167,-21.308922949729208,-4.605383094019999,-27.39461690598,91.30892294972921,3826612.7048954316,28341.701198230603,9.605383094019999,9.605383094019999,0.15723587855428778
15.862431176264518,11.760323415428147,14.127554896457314,-21.51214686351028,-4.8126880148996065,-27.187311985100393,91.51214686351028,3747344.119725597,27754.600613837563,9.812688014899607,9.812688014899607,0.15701743398865153
15.919840865684035,11.653314157358441,14.17346861646186,-21.199330725900495,-4.605949487669875,-27.394050512330125,91.1993307259005,3826391.5600009565,28340.063294684027,9.605949487669875,9.605949487669875,0.15711424378391572
15.919964841623496,11.451622440095537,14.174036131563392,-21.111546507712433,-4.6055036440913,-27.3944963559087,91.11154650771243,3826565.6347247628,28341.35257431297,9.6055036440913,9.6055036440913,0.15700488997122913
15.919997663727118,11.364998670113554,14.173903264011415,-21.073951988157944,-4.605385609333894,-27.394614390666106,91.07395198815794,3826611.722750175,28341.69392399891,9.605385609333894,9.605385609333894,0.15695394532963677
15.919806857561694,11.500768927861227,14.173904077729826,-21.133527561654603,-4.606071788494091,-27.39392821150591,91.1335275616546,3826343.8117571413,28339.709648636377,9.606071788494091,9.606071788494091,0.15703236805268883
15.91976797544623,11.404805544363434,14.173822814789395,-21.092225578489433,-4.606211617529709,-27.39378838247029,91.09222557848943,3826289.2216729214,28339.305328686947,9.60621161752971,9.60621161752971,0.1569770977053255
15.91961722437621,11.302444063981202,14.173349971766948,-21.048688827607975,-4.606753755500677,-27.393246244499323,91.04868882760798,3826077.5825244603,28337.7378291854,9.606753755500677,9.606753755500677,0.15691459222183327
15.919841900043394,11.404597529021991,14.17388063505556,-21.09179174000002,-4.60594576788526,-27.39405423211474,91.09179174000002,3826393.0122844414,28340.0740509815,9.60594576788526,9.60594576788526,0.15697716716707164
15.919956615558133,11.454034320018764,14.174030915087712,-21.112627382000767,-4.605533226673174,-27.394466773326826,91.11262738200077,3826554.0840402367,28341.267024487388,9.605533226673174,9.605533226673174,0.1570062550561036
15.919998419257855,11.520752395081413,14.17403194856977,-21.141276176672363,-4.6053828922985645,-27.394617107701436,91.14127617667236,3826612.783660866,28341.701781604614,9.605382892298564,9.605382892298564,0.15704398943145184
15.91999966609644,11.463481891885845,14.174068139489906,-21.116511171961974,-4.605378408424997,-27.394621591575003,91.11651117196197,3826614.534463613,28341.71474887675,9.605378408424997,9.605378408424997,0.15701178025871157
15.919998819616287,11.33817867494298,14.173809833333323,-21.062355611989403,-4.605381452532072,-27.39461854746793,91.0623556119894,3826613.345841383,28341.70594537907,9.605381452532072,9.605381452532072,0.15693765684285513
15.919999652583224,11.458102158056843,14.174066559646471,-21.114185637840706,-4.605378457021061,-27.39462154297894,91.1141856378407,3826614.515488464,28341.714608337836,9.605378457021061,9.605378457021061,0.15700870123786573
15.919999628007798,11.480136603666939,14.174067638075625,-21.12371117600526,-4.605378545399162,-27.394621454600838,91.12371117600526,3826614.480979759,28341.714352750063,9.605378545399162,9.605378545399162,0.15702125413730605
15.919442346976242,11.49294386887848,14.173622843431906,-21.13184009253905,-4.6073826625336665,-27.392617337466334,91.13184009253905,3825832.0999121703,28335.91966900473,9.607382662533666,9.607382662533666,0.15702703015880415
15.919982582758283,11.428763984295635,14.174029695718891,-21.101583013330867,-4.605439843449176,-27.394560156550824,91.10158301333087,3826590.5462796763,28341.537081055667,9.605439843449176,9.605439843449176,0.15699170392812015
15.919989789042255,11.577203245538843,14.173898562374095,-21.16572443448223,-4.605413928236885,-27.394586071763115,91.16572443448223,3826600.6652083183,28341.612026620878,9.605413928236885,9.605413928236885,0.15707471770839332
15.91968557565064,11.46918731150792,14.173821483020381,-21.120438648529387,-4.606507947007344,-27.393492052992656,91.12043864852939,3826173.5380375125,28338.448521039783,9.606507947007344,9.606507947007344,0.15701421857871406
15.91995485917181,11.441625393110598,14.174021223894046,-21.10727148616553,-4.605539542992517,-27.394460457007483,91.10727148616553,3826551.6178070614,28341.24875839956,9.605539542992517,9.605539542992517,0.15699909744362844
15.91999871302534,11.672332630196756,14.173489757910263,-21.206822172322063,-4.605381835853677,-27.394618164146323,91.20682217232206,3826613.196167142,28341.704836820943,9.605381835853677,9.605381835853677,0.15712435480326883
15.919973817284387,11.381271767873447,14.173931239695865,-21.081096161113578,-4.6054713658264745,-27.394528634173525,91.08109616111358,3826578.23803334,28341.44592036948,9.605471365826475,9.605471365826475,0.156963654147448
15.919999988718661,11.483641694347323,14.174066799207896,-21.125224783735803,-4.60537724821279,-27.39462275178721,91.1252247837358,3826614.987487957,28341.71810418903,9.60537724821279,9.60537724821279,0.15702323778826854
15.919978290966846,11.469411617780999,14.174052057534007,-21.119173989766352,-4.605455277578244,-27.394544722421756,91.11917398976635,3826584.519850492,28341.492446474535,9.605455277578244,9.605455277578244,0.15701510780521796
15.919999889023764,10.794229877720955,14.166990283646555,-20.827425174311998,-4.605377606735203,-27.394622393264797,90.827425174312,3826614.8474968458,28341.717067348738,9.605377606735203,9.605377606735203,0.15655391473959357
15.919946162346893,11.892229460423962,14.171546091799406,-21.302197441119006,-4.605570818535398,-27.394429181464602,91.302197441119,3826539.4061880265,28341.158313380816,9.605570818535398,9.605570818535398,0.15722864258546435
15.919976014969476,11.522952249860118,14.174011065739586,-21.14233149078393,-4.605463462515104,-27.394536537484896,91.14233149078393,3826581.3239575922,28341.468776182137,9.605463462515104,9.605463462515104,0.15704514797595914
15.91999989928009,11.458758981181823,14.174066990686251,-21.11446842573355,-4.605377569850987,-27.394622430149013,91.11446842573355,3826614.861898908,28341.717174017213,9.605377569850987,9.605377569850987,0.15700907829086663
15.919962383820629,11.506109587295022,14.174021556592212,-21.135113087423292,-4.605512482842528,-27.394487517157472,91.13511308742329,3826562.1835776125,28341.32701348702,9.605512482842528,9.605512482842528,0.15703575757878702
15.91990324127844,11.393688995098543,14.17390603268943,-21.08679141596656,-4.6057251715742495,-27.39427482842575,91.08679141596656,3826479.1397744943,28340.711951855275,9.60572517157425,9.60572517157425,0.15697086860858656
15.919998315706684,11.461865207837711,14.174066692759054,-21.115818576740025,-4.605383264688555,-27.394616735311445,91.11581857674003,3826612.6382550923,28341.700704660772,9.605383264688555,9.605383264688555,0.1570108524319451
15.919998878561398,11.539289710837117,14.174000731510228,-21.149288815267596,-4.605381240553811,-27.39461875944619,91.1492888152676,3826613.428611791,28341.70655841581,9.605381240553811,9.605381240553811,0.1570541973585213
15.919999931969413,11.548336978037852,14.17398259242797,-21.15319571039481,-4.6053774522940785,-27.39462254770592,91.15319571039481,3826614.907800983,28341.717513989664,9.605377452294078,9.605377452294078,0.1570591428296949
15.919999060443478,11.592666948051871,14.173855459361556,-21.17236805406594,-4.605380586470517,-27.394619413529483,91.17236805406594,3826613.68400944,28341.708450011432,9.605380586470517,9.605380586470517,0.15708299409588547
15.919999714811489,11.52145907853722,14.1740319452816,-21.14157568535802,-4.605378233236252,-27.39462176676375,91.14157568535802,3826614.602868993,28341.715255519306,9.605378233236252,9.605378233236252,0.15704438386623396
15.919952130711955,11.394165577869291,14.173945612228009,-21.086769943215586,-4.605549355085145,-27.394450644914855,91.08676994321559,3826547.7866409584,28341.22038297375,9.605549355085145,9.605549355085145,0.15697127868312857
15.91999018704015,11.449966481980688,14.174055129730306,-21.11071276796389,-4.605412496958536,-27.394587503041464,91.11071276796389,3826601.224070948,28341.616165821495,9.605412496958536,9.605412496958536,0.15700400289018457
15.919999747934282,11.637302474714112,14.17367295538408,-21.19166729666364,-4.605378114120128,-27.39462188587987,91.19166729666364,3826614.649379881,28341.715600000913,9.605378114120128,9.605378114120128,0.15710640666668715
15.919999296307187,11.442148506983653,14.174056665725292,-21.10729088874308,-4.605379738258819,-27.39462026174118,91.10729088874308,3826614.015207793,28341.71090302288,9.605379738258819,9.605379738258819,0.15699951555604755
15.919998829939889,11.401997075922491,14.173999090079159,-21.089937638670392,-4.6053814154059864,-27.394618584594014,91.08993763867039,3826613.3603378693,28341.706052746893,9.605381415405986,9.605381415405986,0.15697603920739162
15.91998325445052,11.487090751382532,14.174052165851387,-21.126793697775497,-4.605437427911625,-27.394562572088375,91.1267936977755,3826591.4894551793,28341.54406665895,9.605437427911625,9.605437427911625,0.15702514149387645
15.919743409998656,11.760323415428147,14.172682500840299,-21.246069288470153,-4.606299960665467,-27.393700039334533,91.24606928847015,3826254.732792184,28339.049887745336,9.606299960665467,9.606299960665467,0.15716716643971018
15.919991141696201,11.653314157358441,14.173587013866317,-21.198631991500406,-4.605409063828631,-27.39459093617137,91.1986319915004,3826602.564585178,28341.626094303076,9.605409063828631,9.605409063828631,0.15711463508225365
15.919964841623496,11.532972549171362,14.173985782159289,-21.146715801079324,-4.6055036440913,-27.3944963559087,91.14671580107932,3826565.6347247628,28341.35257431297,9.6055036440913,9.6055036440913,0.15705064252853634
15.919992232741466,11.364998670113554,14.173898986808293,-21.073977257986428,-4.605405140216817,-27.394594859783183,91.07397725798643,3826604.096616169,28341.637441248247,9.605405140216817,9.605405140216817,0.15695393120971915
15.91999983769217,11.500768927861227,14.17405609038252,-21.132629939800836,-4.60537779133341,-27.39462220866659,91.13262993980084,3826614.7754173717,28341.716533494102,9.60537779133341,9.60537779133341,0.15703287014048123
15.919999688139953,11.44639528505515,14.174060259010169,-21.109124827802304,-4.605378329152131,-27.39462167084787,91.1091248278023,3826614.565417027,28341.714978132357,9.605378329152131,9.605378329152131,0.1570019694081088
15.91961722437621,11.396239808649003,14.173686442798749,-21.089224624486917,-4.606753755500677,-27.393246244499323,91.08922462448692,3826077.5825244603,28337.7378291854,9.606753755500677,9.606753755500677,0.15697163842772732
15.919999527012605,11.42818954417831,14.17404233148214,-21.1012558804984,-4.605378908597345,-27.394621091402655,91.1012558804984,3826614.339162956,28341.713302387834,9.605378908597345,9.605378908597345,0.15699141332065714
15.91999983949777,11.454034320018764,14.174064960890293,-21.112426308338172,-4.605377784840016,-27.394622215159984,91.11242630833817,3826614.7779528345,28341.71655227294,9.605377784840016,9.605377784840016,0.15700636748587024
15.919998419257855,11.55275363865199,14.173971295590565,-21.155112421050887,-4.6053828922985645,-27.394617107701436,91.15511242105089,3826612.783660866,28341.701781604614,9.605382892298564,9.605382892298564,0.15706154261208868
15.919997782952894,11.463481891885845,14.174066656190623,-21.11651993197745,-4.605385180574899,-27.3946148194251,91.11651993197745,3826611.890166068,28341.695163960096,9.605385180574899,9.605385180574899,0.15701177536023356
15.919999750555256,11.33817867494298,14.173810566468251,-21.062351280147197,-4.60537810469458,-27.39462189530542,91.0623512801472,3826614.6530602463,28341.715627259437,9.60537810469458,9.60537810469458,0.15693765926284423
15.919999652583224,11.581256480422041,14.173893771130151,-21.1674312196256,-4.605378457021061,-27.39462154297894,91.1674312196256,3826614.515488464,28341.714608337836,9.605378457021061,9.605378457021061,0.1570769134918061
15.919999837913723,11.480136603666939,14.17406780341664,-21.123710199605284,-4.605377790536636,-27.394622209463364,91.12371019960528,3826614.7757284935,28341.71653579842,9.605377790536636,9.605377790536636,0.15702125468336717
15.91991060925625,11.45139866424902,14.173993289290086,-21.11170205915255,-4.605698674779887,-27.394301325220113,91.11170205915255,3826489.4851874625,28340.788574870385,9.605698674779887,9.605698674779887,0.1570046201765248
15.919982582758283,11.461797277191682,14.174054282630141,-21.11586239789807,-4.605439843449176,-27.394560156550824,91.11586239789807,3826590.5462796763,28341.537081055667,9.605439843449176,9.605439843449176,0.15701077265094454
15.919999681858767,11.47689188947113,14.174068403141863,-21.12230821440329,-4.605378351740399,-27.3946216482596,91.12230821440329,3826614.556597063,28341.714912807536,9.605378351740399,9.605378351740399,0.15701941540039696
15.919976374939747,11.357831279087108,14.173863396998788,-21.070953388006558,-4.605462167990595,-27.394537832009405,91.07095338800656,3826581.8294176618,28341.472519858165,9.605462167990595,9.605462167990595,0.15694955919915793
15.919989328878913,12.478720695508109,14.160568387058946,-21.555966267592453,-4.605415583074375,-27.394584416925625,91.55596626759245,3826600.019054086,28341.60724089742,9.605415583074375,9.605415583074375,0.15744239963655338
15.91999871302534,11.37219503181663,14.17392574087288,-21.077057335616473,-4.605381835853677,-27.394618164146323,91.07705733561647,3826613.196167142,28341.704836820943,9.605381835853677,9.605381835853677,0.15695827954737124
15.919808445236324,11.381271767873447,14.173800997066481,-21.08186558716585,-4.606066078856145,-27.393933921143855,91.08186558716585,3826346.04086674,28339.726158474994,9.606066078856145,9.606066078856145,0.15696322415897587
15.919999754567083,11.483641694347323,14.174066614767927,-21.125225872914086,-4.6053780902673225,-27.394621909732678,91.12522587291409,3826614.658693609,28341.715668982783,9.605378090267322,9.605378090267322,0.15702323717912264
14.765224016626364,11.469411617780999,13.276023119336617,-26.363378807349363,-8.876359837342704,-23.123640162657296,96.36337880734936,2665159.476401308,19739.42997397161,13.876359837342704,13.876359837342704,0.15383580220269874
15.919995194028322,11.590613243124128,14.173859494929623,-21.17149796757718,-4.605394490851381,-27.39460550914862,91.17149796757718,3826608.2548211333,28341.668238876427,9.605394490851381,9.605394490851381,0.15708189228276498
15.919999713066419,11.463222861934767,14.174068120223621,-21.11639897712746,-4.605378239511822,-27.394621760488178,91.11639897712746,3826614.6004185956,28341.715237370507,9.605378239511822,9.605378239511822,0.15701163234018659
15.919999994327938,11.538519554606566,14.174003117625182,-21.148950634930657,-4.605377228040766,-27.394622771959234,91.14895063493066,3826614.9953644625,28341.71816252615,9.605377228040766,9.605377228040766,0.15705377833624182
15.91999989928009,11.371276161191872,14.173923996726705,-21.07665468218147,-4.605377569850987,-27.394622430149013,91.07665468218147,3826614.861898908,28341.717174017213,9.605377569850987,9.605377569850987,0.15695773049976183
15.91999954892228,11.448874435583626,14.174061823263186,-21.1101971504753,-4.605378829805716,-27.394621170194284,91.1101971504753,3826614.369928455,28341.713530251654,9.605378829805716,9.605378829805716,0.15700339828982543
15.919998632693908,11.469710013106369,14.174068091266744,-21.11920836094862,-4.605382124741141,-27.39461787525886,91.11920836094862,3826613.083366265,28341.704001364364,9.60538212474114,9.60538212474114,0.15701533067315723
15.919991314724697,11.461865207837711,14.17406117829552,-21.115851144057956,-4.605408441584302,-27.394591558415698,91.11585114405796,3826602.807549394,28341.627893810823,9.605408441584302,9.605408441584302,0.1570108342209726
15.919999464719005,11.48069905976579,14.17406735319077,-21.12395509009326,-4.605379132617031,-27.39462086738297,91.12395509009326,3826614.251690727,28341.712654527193,9.605379132617031,9.605379132617031,0.1570215721358014
15.919999931969413,11.46600342056994,14.174068794702427,-21.117599973131576,-4.6053774522940785,-27.39462254770592,91.11759997313158,3826614.907800983,28341.717513989664,9.605377452294078,9.605377452294078,0.15701322094407547
15.919999964788257,11.592666948051871,14.173856171812728,-21.172363848531063,-4.605377334271282,-27.39462266572872,91.17236384853106,3826614.9538849653,28341.7178553094,9.605377334271282,9.605377334271282,0.15708299644989598
15.919999714811489,11.522413467719389,14.174030539882468,-21.141988316241452,-4.605378233236252,-27.39462176676375,91.14198831624145,3826614.602868993,28341.715255519306,9.605378233236252,9.605378233236252,0.15704491175807442
15.919999634334843,11.461031404599286,14.174067504121412,-21.115451998623655,-4.605378522645708,-27.394621477354292,91.11545199862366,3826614.48986422,28341.71441855258,9.605378522645708,9.605378522645708,0.15701037882435082
15.91997737908517,11.449966481980688,14.174045041464305,-21.110772349942465,-4.6054585568850825,-27.394541443114917,91.11077234994247,3826583.2394107236,28341.482962932794,9.605458556885083,9.605458556885083,0.1570039695761495
15.919999747934282,11.519519584880307,14.174034747086333,-21.140736992625307,-4.605378114120128,-27.39462188587987,91.1407369926253,3826614.649379881,28341.715600000913,9.605378114120128,9.605378114120128,0.15704331030480553
15.919999977646366,11.497396075596157,14.17405895488282,-21.13117111213387,-4.605377288031036,-27.394622711968964,91.13117111213387,3826614.9719402567,28341.71798903542,9.605377288031036,9.605377288031036,0.1570309808183981
15.919998829939889,11.54867712111838,14.173980965739238,-21.153347906103647,-4.6053814154059864,-27.394618584594014,91.15334790610365,3826613.3603378693,28341.706052746893,9.605381415405986,9.605381415405986,0.15705932529536284
15.919999698335129,11.487090751382532,14.174065118668718,-21.12671720839944,-4.605378292488297,-27.394621707511703,91.12671720839944,3826614.579733044,28341.71508416354,9.605378292488297,9.605378292488297,0.1570251842734529
15.919999631558762,11.490301887056415,14.174063405502569,-21.128105747194127,-4.605378532629345,-27.394621467370655,91.12810574719413,3826614.4859659476,28341.714389680135,9.605378532629345,9.605378532629345,0.1570269936531117
15.919991141696201,11.541682808733551,14.173989845767737,-21.150359501787648,-4.605409063828631,-27.39459093617137,91.15035950178765,3826602.564585178,28341.626094303076,9.605409063828631,9.605409063828631,0.1570554870963403
15.919999589193518,11.451622440095537,14.174063500768465,-21.111384864361582,-4.605378684982725,-27.394621315017275,91.11138486436158,3826614.4264770206,28341.713949077042,9.605378684982725,9.605378684982725,0.1570049803519271
15.919998835815166,11.459045845904377,14.174066252478358,-21.11459738058153,-4.605381394277629,-27.39461860572237,91.11459738058153,3826613.368587786,28341.706113849676,9.605381394277629,9.605381394277629,0.15700923987777024
15.919995303066823,11.500768927861227,14.174052518398039,-21.132651032103524,-4.6053940987275155,-27.394605901272485,91.13265103210352,3826608.407931964,28341.669372889482,9.605394098727515,9.605394098727515,0.1570328583425858
15.919999880518095,11.44639528505515,14.174060410537288,-21.109123932855823,-4.6053776373231585,-27.39462236267684,91.10912393285582,3826614.835553263,28341.71697888892,9.605377637323159,9.605377637323159,0.15700196990848225
15.91999455530443,11.837594125461091,14.172176683725699,-21.278331768412556,-4.605396787827203,-27.394603212172797,91.27833176841256,3826607.3579315892,28341.66159609074,9.605396787827203,9.605396787827203,0.1572041306790607
15.91999997511119,11.42818954417831,14.17404268441857,-21.101253795858725,-4.605377297147754,-27.394622702852246,91.10125379585872,3826614.9683804745,28341.717962669987,9.605377297147754,9.605377297147754,0.15699141448604412
15.91999983949777,11.49920965280225,14.174057405812615,-21.13195581251813,-4.605377784840016,-27.394622215159984,91.13195581251813,3826614.7779528345,28341.71655227294,9.605377784840016,9.605377784840016,0.15703199698349413
15.91998682699466,11.520752395081413,14.174022816941283,-21.14133009420425,-4.605424580340809,-27.39457541965919,91.14133009420425,3826596.5059505715,28341.581221193377,9.60542458034081,9.60542458034081,0.15704395926825152
15.919999696715221,10.57500688839551,14.161389897044879,-20.732830193235998,-4.605378298313838,-27.394621701686162,90.732830193236,3826614.577458361,28341.715067316167,9.605378298313838,9.605378298313838,0.15636831185548147
15.919999750555256,11.464959043325848,14.174068489585565,-21.117149339792718,-4.60537810469458,-27.39462189530542,91.11714933979272,3826614.6530602463,28341.715627259437,9.60537810469458,9.60537810469458,0.15701262429362767
15.919999652583224,11.443179510211902,14.17405779222956,-21.107734903138635,-4.605378457021061,-27.39462154297894,91.10773490313863,3826614.515488464,28341.714608337836,9.605378457021061,9.605378457021061,0.15700011249190168
15.919991435116886,11.401786027805336,14.173992839724358,-21.08988082198465,-4.605408008630434,-27.394591991369566,91.08988082198465,3826602.9766024556,28341.62914589765,9.605408008630434,9.605408008630434,0.1569758952198179
15.919999915042418,11.45139866424902,14.174063631646867,-21.111286614921653,-4.6053775131669,-27.3946224868331,91.11128661492165,3826614.88403216,28341.71733794653,9.6053775131669,9.6053775131669,0.15700485246703944
15.919999692880523,11.461797277191682,14.17406775975736,-21.115782804670516,-4.605378312103994,-27.394621687896006,91.11578280467052,3826614.5720737637,28341.715027435293,9.605378312103994,9.605378312103994,0.15701081715783477
14.21099026343084,14.377210018020065,12.75487253272801,-30.008957352878554,-11.015721044051588,-20.98427895594841,100.00895735287855,2313447.183480005,17134.482600812404,16.01572104405159,16.01572104405159,0.1526876537583266
15.919976374939747,11.498225274373322,14.174039716034585,-21.131639382449634,-4.605462167990595,-27.394537832009405,91.13163938244963,3826581.8294176618,28341.47251985624,9.605462167990595,9.605462167990595,0.15703138431169678
15.919999714015688,11.453572313391067,14.174064633259146,-21.112227175211217,-4.6053782360980335,-27.394621763901966,91.11222717521122,3826614.601751567,28341.71524724312,9.605378236098034,9.605378236098034,0.15700610171531637
15.91999871302534,11.447414330526264,14.174060200736431,-21.109569871242286,-4.605381835853677,-27.394618164146323,91.10956987124229,3826613.196167142,28341.704836820943,9.605381835853677,9.605381835853677,0.1570025545936104
15.919973817284387,11.375218051782255,14.17391476791746,-21.078479719162488,-4.6054713658264745,-27.394528634173525,91.07847971916249,3826578.23803334,28341.44592036948,9.605471365826475,9.605471365826475,0.1569600293603662
15.919999988718661,11.44407884081457,14.174058769462295,-21.10812209398989,-4.60537724821279,-27.39462275178721,91.10812209398989,3826614.987487957,28341.71810418903,9.60537724821279,9.60537724821279,0.15700063298093575
15.919999988593434,11.469411617780999,14.174069148285463,-21.11907305813662,-4.605377248663103,-27.394622751336897,91.11907305813662,3826614.987312123,28341.718102886723,9.605377248663103,9.605377248663103,0.1570151642474109
15.919999844138736,11.442973240375448,14.174057776361385,-21.107644847660936,-4.605377768150163,-27.394622231849837,91.10764484766094,3826614.7844696604,28341.716600539632,9.605377768150163,9.605377768150163,0.1569999937753604
15.919999713066419,11.40060255046286,14.173996945116148,-21.089330777009422,-4.605378239511822,-27.394621760488178,91.08933077700942,3826614.6004185956,28341.715237370507,9.605378239511822,9.605378239511822,0.15697521688354574
15.919999994327938,11.469103451641953,14.174069138734701,-21.118939812134727,-4.605377228040766,-27.394622771959234,91.11893981213473,3826614.9953644625,28341.71816252615,9.605377228040766,9.605377228040766,0.15701498871490546
15.919999966809929,11.458758981181823,14.174067043877512,-21.114468111593965,-4.605377327000838,-27.394622672999162,91.11446811159396,3826614.9567238414,28341.717876335457,9.605377327000838,9.605377327000838,0.15700907846652526
15.91999954892228,12.03052597542139,14.169745478415175,-21.361804175373095,-4.605378829805716,-27.394621170194284,91.3618041753731,3826614.369928455,28341.713530251654,9.605378829805716,9.605378829805716,0.15728740225835106
15.919988199690401,11.469710013106369,14.174059873411364,-21.11925689250461,-4.6054196438575445,-27.394580356142455,91.11925689250461,3826598.433465965,28341.595497282844,9.605419643857545,9.605419643857545,0.15701530353368176
15.919999934757014,11.461865207837711,14.174067968036573,-21.1158110452065,-4.6053774422694005,-27.3946225577306,91.1158110452065,3826614.911715289,28341.71754298086,9.6053774422694,9.6053774422694,0.15701085664342102
15.919999464719005,11.511668440920939,14.174044659148999,-21.137343912703614,-4.605379132617031,-27.39462086738297,91.13734391270361,3826614.251690727,28341.712654527193,9.605379132617031,9.605379132617031,0.15703895141092242
15.919999931969413,11.489462308722374,14.174064105049196,-21.127741384918522,-4.6053774522940785,-27.39462254770592,91.12774138491852,3826614.907800983,28341.717513989664,9.605377452294078,9.605377452294078,0.15702652162473524
15.919999964788257,11.441369822382995,14.174056532776433,-21.106951177632197,-4.605377334271282,-27.39462266572872,91.1069511776322,3826614.9538849653,28341.7178553094,9.605377334271282,9.605377334271282,0.15699906692323895
15.919995106532626,11.52145907853722,14.174028315176203,-21.141597119193023,-4.6053948055030105,-27.39460519449699,91.14159711919302,3826608.131960533,28341.66732891471,9.60539480550301,9.60539480550301,0.15704437187539988
15.919999634334843,11.437984574072708,14.174053199280863,-21.105489383778036,-4.605378522645708,-27.394621477354292,91.10548938377804,3826614.48986422,28341.71441855258,9.605378522645708,9.605378522645708,0.1569971058770311
15.919808555334335,11.449966481980688,14.173912066683009,-21.111557706685517,-4.606065682918654,-27.393934317081346,91.11155770668552,3826346.195445468,28339.727303358068,9.606065682918654,9.606065682918654,0.15700353045461446
15.919999952045051,11.519519584880307,14.174034907871306,-21.140736043269442,-4.6053773800982185,-27.39462261990178,91.14073604326944,3826614.9359910665,28341.717722778736,9.605377380098219,9.605377380098219,0.15704331083590112
15.919999514020942,11.497396075596157,14.174058589680792,-21.13117326865199,-4.605378955317917,-27.394621044682083,91.13117326865199,3826614.3209201237,28341.713167272803,9.605378955317917,9.605378955317917,0.1570309796121911
15.919998829939889,11.476548799451223,14.174067790684079,-21.1221638578113,-4.6053814154059864,-27.394618584594014,91.1221638578113,3826613.3603378693,28341.706052746893,9.605381415405986,9.605381415405986,0.15701921855072515
15.919999999060195,11.487090751382532,14.17406535554889,-21.12671580955805,-4.605377211022528,-27.394622788977472,91.12671580955805,3826615.002009526,28341.718211742627,9.605377211022528,9.605377211022528,0.1570251850557985
15.919999391308522,11.490301887056415,14.174063216257123,-21.1281068647138,-4.605379396615604,-27.394620603384396,91.1281068647138,3826614.1486080796,28341.711891048413,9.605379396615604,9.605379396615604,0.15702699302807985
15.919993595794807,11.451353222811555,14.174058628519843,-21.11129636830077,-4.605400238410823,-27.394599761589177,91.11129636830077,3826606.0105989426,28341.651617108746,9.605400238410823,9.605400238410823,0.15700480988708002
15.919999589193518,11.46280757476157,14.174067928377864,-21.11622002855603,-4.605378684982725,-27.394621315017275,91.11622002855603,3826614.4264770206,28341.713949077042,9.605378684982725,9.605378684982725,0.1570113946288655
15.919999971493446,11.459045845904377,14.174067147014604,-21.114592097574928,-4.605377310158019,-27.39462268984198,91.11459209757493,3826614.9633003986,28341.717925044548,9.605377310158019,9.605377310158019,0.15700924283185408
15.91999983769217,11.459335118954783,14.174067139480977,-21.114717768934327,-4.60537779133341,-27.39462220866659,91.11471776893433,3826614.7754173717,28341.716533494102,9.60537779133341,9.60537779133341,0.15700940819035486
15.919999880518095,12.274232014808781,14.165346393245695,-21.467326758835384,-4.6053776373231585,-27.39462236267684,91.46732675883538,3826614.835553263,28341.71697888892,9.605377637323159,9.605377637323159,0.1573781132415477
15.91961722437621,11.503181975583072,14.173752529804881,-21.135452831835835,-4.606753755500677,-27.393246244499323,91.13545283183583,3826077.5825244603,28337.7378291854,9.606753755500677,9.606753755500677,0.15703322440593
15.91999997511119,11.46205278931339,14.17406804816712,-21.11589194702151,-4.605377297147754,-27.394622702852246,91.11589194702151,3826614.9683804745,28341.717962669987,9.605377297147754,9.605377297147754,0.15701096403763648
15.91999983949777,11.44778942197912,14.174061341626688,-21.109726773591433,-4.605377784840016,-27.394622215159984,91.10972677359143,3826614.7779528345,28341.71655227294,9.605377784840016,9.605377784840016,0.1570027737697653
15.91999995111415,11.520752395081413,14.174033155266482,-21.141269051753,-4.605377383445898,-27.394622616554102,91.141269051753,3826614.9346839148,28341.71771309735,9.605377383445898,9.605377383445898,0.15704399341735767
15.919999961644965,11.463481891885845,14.174068372284733,-21.11650979712823,-4.60537734557505,-27.39462265442495,91.11650979712823,3826614.9494712274,28341.717822619175,9.60537734557505,9.60537734557505,0.1570117810274946
15.919999750555256,11.47263161054698,14.174068942939398,-21.120466164748166,-4.60537810469458,-27.39462189530542,91.12046616474817,3826614.6530602463,28341.715627259437,9.60537810469458,9.60537810469458,0.15701699610847394
15.919999948200125,11.458102158056843,14.174066792493706,-21.114184262662945,-4.60537739392521,-27.39462260607479,91.11418426266295,3826614.930592094,28341.717682791397,9.60537739392521,9.60537739392521,0.15700870200680825
15.919999837913723,11.450324765529828,14.174062946954487,-21.110822750520015,-4.605377790536636,-27.394622209463364,91.11082275052001,3826614.7757284935,28341.71653579842,9.605377790536636,9.605377790536636,0.15700423425904825
15.919999956326937,11.45139866424902,14.174063664164901,-21.111286422866613,-4.605377364699791,-27.39462263530021,91.11128642286661,3826614.9420036506,28341.717767310773,9.605377364699791,9.605377364699791,0.15700485257442107
15.919999692880523,11.3613326829446,14.173893238216163,-21.072358146485385,-4.605378312103994,-27.394621687896006,91.07235814648539,3826614.5720737637,28341.715027435293,9.605378312103994,9.605378312103994,0.15695173757777348
15.919999681858767,11.535610710007493,14.174008411527177,-21.14769440223398,-4.605378351740399,-27.3946216482596,91.14769440223398,3826614.556597063,28341.714912807536,9.605378351740399,9.605378351740399,0.1570521822684664
15.919976374939747,11.495023977763054,14.17404210365693,-21.130255382843586,-4.605462167990595,-27.394537832009405,91.13025538284359,3826581.8294176618,28341.472519858165,9.605462167990595,9.605462167990595,0.15702958827516025
15.919999986540219,11.453572313391067,14.174064847915943,-21.11222590744825,-4.605377256046722,-27.394622743953278,91.11222590744825,3826614.984429066,28341.71808153344,9.605377256046722,9.605377256046722,0.1570061024241758
15.919999948047874,11.447414330526264,14.174061173506399,-21.109564125937027,-4.605377394472839,-27.39462260552716,91.10956412593703,3826614.930378263,28341.717681207658,9.60537739447284,9.60537739447284,0.15700255780590802
15.919973817284387,11.458685360797872,14.174046420870512,-21.114557930306034,-4.6054713658264745,-27.394528634173525,91.11455793030603,3826578.23803334,28341.44592036948,9.605471365826475,9.605471365826475,0.15700896826393557
15.919999988718661,11.473070647667033,14.174069104802212,-21.12065485296307,-4.60537724821279,-27.39462275178721,91.12065485296307,3826614.987487957,28341.71810418903,9.60537724821279,9.60537724821279,0.15701724632795885
15.919999844208489,11.722174692880614,14.17317312681339,-21.228375086849837,-4.6053777678994265,-27.394622232100573,91.22837508684984,3826614.784567566,28341.716601264765,9.605377767899427,9.605377767899427,0.15714926627707648
15.919999844138736,11.503355000354077,14.174053761921616,-21.13374794783357,-4.605377768150163,-27.394622231849837,91.13374794783357,3826614.7844696604,28341.716600539632,9.605377768150163,9.605377768150163,0.1570343166245797
15.919999988776588,11.463222861934767,14.174068337392818,-21.11639769457662,-4.605377248004572,-27.394622751995428,91.11639769457662,3826614.9875692576,28341.71810479118,9.605377248004572,9.605377248004572,0.1570116330573695
15.919999998303206,11.469103451641953,14.174069141865706,-21.118939793640322,-4.60537721374493,-27.39462278625507,91.11893979364032,3826615.0009465166,28341.71820386948,9.60537721374493,9.60537721374493,0.157014988725245
15.919999966809929,11.456194067393916,14.174066048197494,-21.11335933754549,-4.605377327000838,-27.394622672999162,91.11335933754549,3826614.9567238414,28341.717876335457,9.605377327000838,9.605377327000838,0.15700760779342068
15.91999954892228,11.47745722988127,14.174068194451532,-21.12255323235445,-4.605378829805716,-27.394621170194284,91.12255323235445,3826614.369928455,28341.713530251654,9.605378829805716,9.605378829805716,0.15701973568875993
15.919999993517674,11.469710013106369,14.174069163159212,-21.11920203075863,-4.605377230954616,-27.394622769045384,91.11920203075863,3826614.9942266983,28341.718154099333,9.605377230954616,9.605377230954616,0.15701533421308236
15.919999934757014,11.45225973042568,14.174064123157724,-21.11165874435352,-4.6053774422694005,-27.3946225577306,91.11165874435352,3826614.911715289,28341.71754298086,9.6053774422694,9.6053774422694,0.15700534778023847
15.919999464719005,11.459881969203042,14.174067024040125,-21.11495590035804,-4.605379132617031,-27.39462086738297,91.11495590035804,3826614.251690727,28341.712654527193,9.605379132617031,9.605379132617031,0.15700972040424188
15.919999931969413,11.47819682753017,14.174068346169053,-21.122871182923234,-4.6053774522940785,-27.39462254770592,91.12287118292323,3826614.907800983,28341.717513989664,9.605377452294078,9.605377452294078,0.15702015599765412
15.919999815732355,11.909067230126716,14.171390151148245,-21.309234458957462,-4.605377870304949,-27.39462212969505,91.30923445895746,3826614.744581608,28341.716305109876,9.605377870304949,9.605377870304949,0.15723620486786222
15.919999714811489,10.9792140682871,14.170397749057894,-20.907285130744754,-4.605378233236252,-27.39462176676375,90.90728513074475,3826614.602868993,28341.715255519306,9.605378233236252,9.605378233236252,0.1566962345398461
15.919999988993608,11.461031404599286,14.174067783474877,-21.115450348808793,-4.605377247223998,-27.394622752776,91.11545034880879,3826614.9878740427,28341.718107048564,9.605377247223998,9.605377247223998,0.15701037974688214
15.91999018704015,11.461507352076747,14.174060194987542,-21.115701692629614,-4.605412496958536,-27.394587503041464,91.11570169262961,3826601.224070948,28341.616165821495,9.605412496958536,9.605412496958536,0.15701062657731027
15.919999991738925,11.519519584880307,14.174034939139604,-21.14073585864594,-4.6053772373514335,-27.394622762648567,91.14073585864594,3826614.991728958,28341.718135599887,9.605377237351433,9.605377237351433,0.15704331093918544
15.919999977646366,11.46815085343895,14.17406906467539,-21.118528084898514,-4.605377288031036,-27.394622711968964,91.11852808489851,3826614.9719402567,28341.71798903542,9.605377288031036,9.605377288031036,0.1570144458323452
15.919987039829882,11.476548799451223,14.1740585037742,-21.122218701362726,-4.605423814943265,-27.394576185056735,91.12221870136273,3826596.804810069,28341.58343468798,9.605423814943265,9.605423814943265,0.1570191878798849
15.919999999060195,11.473447641302332,14.174069086390018,-21.12081777965068,-4.605377211022528,-27.394622788977472,91.12081777965068,3826615.002009526,28341.718211742627,9.605377211022528,9.605377211022528,0.15701746063347935
15.919999631558762,11.466461020176908,14.174068619169208,-21.117799188149775,-4.605378532629345,-27.394621467370655,91.11779918814977,3826614.4859659476,28341.714389680135,9.605378532629345,9.605378532629345,0.15701348127280937
15.919993595794807,11.439934058836133,14.174050253803196,-21.106360171976462,-4.605400238410823,-27.394599761589177,91.10636017197646,3826606.0105989426,28341.651617108746,9.605400238410823,9.605400238410823,0.1569982194425647
15.919999589193518,11.478710263045105,14.174067962718837,-21.123094738884504,-4.605378684982725,-27.394621315017275,91.1230947388845,3826614.4264770206,28341.713949077042,9.605378684982725,9.605378684982725,0.15702044609508237
15.919999991049163,11.455193278171645,14.174065626818242,-21.11292660031853,-4.60537723983191,-27.39462276016809,91.11292660031853,3826614.9907604163,28341.718128426408,9.60537723983191,9.60537723983191,0.15700703345703773
15.91999983769217,11.47290823858362,14.174068996012194,-21.120585345898746,-4.60537779133341,-27.39462220866659,91.12058534589875,3826614.7754173717,28341.716533494102,9.60537779133341,9.60537779133341,0.15701715360989946
15.9199999902295,11.44639528505515,14.174060496951647,-21.109123422483435,-4.605377242779355,-27.394622757220645,91.10912342248344,3826614.9896095395,28341.718119902474,9.605377242779355,9.605377242779355,0.15700197019383927
15.91961722437621,11.46018829708381,14.173766043009865,-21.116866428372987,-4.606753755500677,-27.393246244499323,91.11686642837299,3826077.5825244603,28337.7378291854,9.606753755500677,9.606753755500677,0.1570089015049384
15.919999991733722,11.470104988196432,14.174069172333112,-21.119372785903636,-4.605377237370021,-27.39462276262998,91.11937278590364,3826614.991721699,28341.718135546125,9.605377237370021,9.605377237370021,0.15701555912562037
15.91999983949777,11.464397196847987,14.17406845925936,-21.11690604405993,-4.605377784840016,-27.394622215159984,91.11690604405993,3826614.7779528345,28341.71655227294,9.605377784840016,9.605377784840016,0.15701230365442723
15.91999995111415,11.465886286616719,14.174068793166091,-21.117549247802742,-4.605377383445898,-27.394622616554102,91.11754924780274,3826614.9346839148,28341.71771309735,9.605377383445898,9.605377383445898,0.15701315414561123
15.919999865501808,11.463481891885845,14.174068296555985,-21.116510244367873,-4.60537769132452,-27.39462230867548,91.11651024436787,3826614.814467524,28341.71682271798,9.60537769132452,9.60537769132452,0.15701178077740963
15.919999750555256,11.45697026119825,14.174066199391685,-21.11369587985257,-4.60537810469458,-27.39462189530542,91.11369587985257,3826614.6530602463,28341.715627259437,9.60537810469458,9.60537810469458,0.15700805250587632
15.919999948200125,11.489249828209132,14.174064231761577,-21.127649450366107,-4.60537739392521,-27.39462260607479,91.1276494503661,3826614.930592094,28341.717682791397,9.60537739392521,9.60537739392521,0.15702640197307724
15.919999837913723,11.66325696130692,14.173541144113761,-21.202891718951776,-4.605377790536636,-27.394622209463364,91.20289171895178,3826614.7757284935,28341.71653579842,9.605377790536636,9.605377790536636,0.15711974240528492
15.919999956326937,11.441263256308229,14.174056434480388,-21.106905151817784,-4.605377364699791,-27.39462263530021,91.10690515181778,3826614.9420036506,28341.717767310773,9.605377364699791,9.605377364699791,0.15699900525109145
15.919999993180438,11.461797277191682,14.174067996294935,-21.115781407723148,-4.605377232167143,-27.394622767832857,91.11578140772315,3826614.9937532498,28341.718150592747,9.605377232167143,9.605377232167143,0.15701081793897856
15.919999681858767,11.48503963835702,14.174066010497214,-21.12583055972982,-4.605378351740399,-27.3946216482596,91.12583055972982,3826614.556597063,28341.714912807536,9.605378351740399,9.605378351740399,0.15702402668101204
15.919999414740195,11.495023977763054,14.17406025226426,-21.130148214351664,-4.605379312350863,-27.394620687649137,91.13014821435166,3826614.1815106454,28341.71213474036,9.605379312350863,9.605379312350863,0.15702964821686444
15.919999986540219,11.47692495859771,14.174068637308139,-21.12232109306973,-4.605377256046722,-27.394622743953278,91.12232109306973,3826614.984429066,28341.71808153344,9.605377256046722,9.605377256046722,0.1570194349510066
15.919999948047874,11.489103108387681,14.174064309549115,-21.127586021544403,-4.605377394472839,-27.39462260552716,91.1275860215444,3826614.930378263,28341.717681207658,9.60537739447284,9.60537739447284,0.15702631931463254
15.919973817284387,11.478590012928404,14.174047689734744,-21.123162635426525,-4.6054713658264745,-27.394528634173525,91.12316263542652,3826578.23803334,28341.44592036948,9.605471365826475,9.605471365826475,0.15702031090697086
15.9199999943896,11.473070647667033,14.17406910926909,-21.120654826583745,-4.605377227818792,-27.394622772181208,91.12065482658375,3826614.9954511328,28341.718163168072,9.605377227818792,9.605377227818792,0.15701724634271091
15.91999999552843,11.469411617780999,14.174069153748205,-21.119073025876276,-4.6053772237233375,-27.394622776276663,91.11907302587628,3826614.9970502765,28341.718175012084,9.605377223723337,9.605377223723337,0.15701516426545237
15.919999915465056,11.442973240375448,14.1740578325416,-21.10764451585061,-4.605377511646964,-27.394622488353036,91.10764451585061,3826614.8846256533,28341.71734234222,9.605377511646964,9.605377511646964,0.15699999396087733
15.919999988776588,11.47088456803014,14.17406917759789,-21.119709810748986,-4.605377248004572,-27.394622751995428,91.11970981074899,3826614.9875692576,28341.71810479118,9.605377248004572,9.605377248004572,0.15701600290227477
15.919999989413238,11.469103451641953,14.1740691348633,-21.11893983499715,-4.60537724571509,-27.39462275428491,91.11893983499715,3826614.9884632304,28341.718111412367,9.60537724571509,9.60537724571509,0.15701498870211977
15.919999966809929,11.473827662101066,14.174069030044242,-21.120982213253,-4.605377327000838,-27.394622672999162,91.120982213253,3826614.9567238414,28341.717876335457,9.605377327000838,9.605377327000838,0.1570176765033897
15.91999954892228,11.837200897776732,14.17218459993803,-21.27813842077063,-4.605378829805716,-27.394621170194284,91.27813842077063,3826614.369928455,28341.713530251654,9.605378829805716,9.605378829805716,0.15720396327849315
15.919999993517674,11.473951299742843,14.174069040112235,-21.121035537793887,-4.605377230954616,-27.394622769045384,91.12103553779389,3826614.9942266983,28341.718154099333,9.605377230954616,9.605377230954616,0.15701774682240593
15.919999993812091,12.84303108027574,14.149803389277583,-21.713854695204077,-4.60537722989568,-27.39462277010432,91.71385469520408,3826614.9946401846,28341.718157161806,9.60537722989568,9.60537722989568,0.1575320566427914
15.91999999282952,11.48069905976579,14.174067769179063,-21.123952633529257,-4.605377233429351,-27.39462276657065,91.12395263352926,3826614.9932603966,28341.718146942447,9.605377233429351,9.605377233429351,0.15702157350966311
15.919999931969413,11.472149492908951,14.174069107655836,-21.12025690126592,-4.6053774522940785,-27.39462254770592,91.12025690126592,3826614.907800983,28341.717513989664,9.605377452294078,9.605377452294078,0.1570167224183489
15.919999964788257,11.457335654866647,14.174066513421046,-21.11385283739321,-4.605377334271282,-27.39462266572872,91.11385283739321,3826614.9538849653,28341.7178553094,9.605377334271282,9.605377334271282,0.15700826261042877
15.919999714811489,11.469926060315952,14.174068949975613,-21.11929672393211,-4.605378233236252,-27.39462176676375,91.11929672393211,3826614.602868993,28341.715255519306,9.605378233236252,9.605378233236252,0.1570154565215121
15.919999998157724,11.461031404599286,14.174067790693469,-21.115450306181913,-4.605377214267833,-27.394622785732167,91.11545030618191,3826615.0007423386,28341.718202357242,9.605377214267833,9.605377214267833,0.15701037977072255
15.919999998380632,11.461507352076747,14.174067923082442,-21.115656051988708,-4.605377213466568,-27.394622786533432,91.11565605198871,3826615.0010552066,28341.71820467449,9.605377213466568,9.605377213466568,0.15701065209854786
15.919999991738925,11.46912792081769,14.174069137913188,-21.118950402129485,-4.6053772373514335,-27.394622762648567,91.11895040212949,3826614.991728958,28341.718135599887,9.605377237351433,9.605377237351433,0.15701500264818108
15.91999983341304,11.46815085343895,14.1740689510656,-21.118528755837474,-4.605377806721833,-27.394622193278167,91.11852875583747,3826614.769408708,28341.716488991104,9.605377806721833,9.605377806721833,0.15701444545714854
15.919998829939889,11.459800935702301,14.174066498167722,-21.114923823477795,-4.6053814154059864,-27.394618584594014,91.1149238234778,3826613.3603378693,28341.706052746893,9.605381415405986,9.605381415405986,0.15700967235073177
15.91999985863917,11.473447641302332,14.174068975782179,-21.12081843285023,-4.605377716004,-27.394622283996,91.12081843285023,3826614.8048310108,28341.716751345408,9.605377716004,9.605377716004,0.1570174602681884
15.919999997341314,11.466461020176908,14.17406890728684,-21.117797486615075,-4.605377217203966,-27.394622782796034,91.11779748661507,3826614.9995958763,28341.718193866,9.605377217203966,9.605377217203966,0.1570134822243036
15.919993595794807,11.47162227062191,14.174064132914692,-21.120058457257073,-4.605400238410823,-27.394599761589177,91.12005845725707,3826606.0105989426,28341.651617108746,9.605400238410823,9.605400238410823,0.15701640604045267
15.919999589193518,11.46347531608717,14.174068077511333,-21.11650868703896,-4.605378684982725,-27.394621315017275,91.11650868703896,3826614.4264770206,28341.713949077042,9.605378684982725,9.605378684982725,0.15701177630073387
15.919999971493446,11.461104032300014,14.174067790292362,-21.115481826357893,-4.605377310158019,-27.39462268984198,91.1154818263579,3826614.9633003986,28341.717925044548,9.605377310158019,9.605377310158019,0.15701042126206421
15.919999838274812,11.47290823858362,14.174068996471163,-21.120585343192943,-4.605377789237821,-27.39462221076218,91.12058534319294,3826614.776235634,28341.71653955454,9.60537778923782,9.60537778923782,0.15701715361141455
15.919999997597545,11.440274087523662,14.174055600589499,-21.106477373701523,-4.605377216282363,-27.394622783717637,91.10647737370152,3826614.999955736,28341.718196531292,9.605377216282363,9.605377216282363,0.15699843293624396
15.919999992561774,11.46018829708381,14.174067535900598,-21.115085866692027,-4.605377234392279,-27.39462276560772,91.11508586669203,3826614.9928844147,28341.718144157745,9.605377234392279,9.605377234392279,0.1570098971714562
15.919999715698854,11.470104988196432,14.174068954906122,-21.119374069942978,-4.605378230044721,-27.39462176995528,91.11937406994298,3826614.604115183,28341.71526474918,9.605378230044721,9.605378230044721,0.15701555840756679
15.919999947446343,11.464778669896845,14.174068613444764,-21.11707044978874,-4.605377396636186,-27.394622603363814,91.11707044978874,3826614.929533544,28341.717674951273,9.605377396636186,9.605377396636186,0.15701252180540118
15.91999995111415,11.448292331439415,14.174061763140449,-21.109943649807178,-4.605377383445898,-27.394622616554102,91.10994364980718,3826614.9346839148,28341.71771309735,9.605377383445898,9.605377383445898,0.15700306392522076
15.919999961644965,11.462346290770462,14.174068111151426,-21.116018887390396,-4.60537734557505,-27.39462265442495,91.1160188873904,3826614.9494712274,28341.717822619175,9.60537734557505,9.60537734557505,0.1570111318515889
15.919999947818383,11.47263161054698,14.17406909831981,-21.120465247140146,-4.605377395298262,-27.394622604701738,91.12046524714015,3826614.930055961,28341.71767882054,9.605377395298262,9.605377395298262,0.1570169966216215
15.919999994861582,11.458102158056843,14.174066829247538,-21.114184045603906,-4.605377226121618,-27.394622773878382,91.1141840456039,3826614.9961138233,28341.718168076273,9.605377226121618,9.605377226121618,0.15700870212818402
15.919999837913723,11.48976960688783,14.174063863889133,-21.127874672896723,-4.605377790536636,-27.394622209463364,91.12787467289672,3826614.7757284935,28341.71653579842,9.605377790536636,9.605377790536636,0.15702669446121342
15.919999956326937,11.446661001029767,14.174060658246276,-21.109238442297,-4.605377364699791,-27.39462263530021,91.109238442297,3826614.9420036506,28341.717767310773,9.605377364699791,9.605377364699791,0.15700212338585978
15.919999993180438,11.47980153583709,14.174068014456358,-21.123564624857863,-4.605377232167143,-27.394622767832857,91.12356462485786,3826614.9937532498,28341.718150592747,9.605377232167143,9.605377232167143,0.15702106534794005
15.919999681858767,11.478713572136403,14.174068034954255,-21.12309573837831,-4.605378351740399,-27.3946216482596,91.12309573837831,3826614.556597063,28341.714912807536,9.605378351740399,9.605378351740399,0.15702044821129957
15.919999414740195,11.478051765195644,14.174067969423811,-21.122810877552524,-4.605379312350863,-27.394620687649137,91.12281087755252,3826614.1815106454,28341.71213474036,9.605379312350863,9.605379312350863,0.15702007242311128
15.919999991844094,11.47171357070905,14.17406916874294,-21.120068173657103,-4.60537723697297,-27.39462276302703,91.1200681736571,3826614.991876733,28341.718136694377,9.60537723697297,9.60537723697297,0.15701647461846185
15.919999948047874,11.469331692827165,14.174069112964528,-21.119038695409813,-4.605377394472839,-27.39462260552716,91.11903869540981,3826614.930378263,28341.717681207658,9.60537739447284,9.60537739447284,0.15701511861541884
15.919973817284387,11.468177832731094,14.174048460848375,-21.11866143938113,-4.6054713658264745,-27.394528634173525,91.11866143938113,3826578.23803334,28341.44592036948,9.605471365826475,9.605471365826475,0.15701439315975485
15.9199999943896,11.472016851441257,14.174069161643686,-21.120199270003297,-4.605377227818792,-27.394622772181208,91.1201992700033,3826614.9954511328,28341.718163168072,9.605377227818792,9.605377227818792,0.15701664713966948
15.91999999319612,11.469411617780999,14.17406915191127,-21.11907303672797,-4.605377232110811,-27.39462276788919,91.11907303672797,3826614.9937752476,28341.718150755674,9.605377232110811,9.605377232110811,0.15701516425938783
15.919999915465056,11.467183229957993,14.17406892683856,-21.1181100748866,-4.605377511646964,-27.394622488353036,91.1181100748866,3826614.8846256533,28341.71734234222,9.605377511646964,9.605377511646964,0.15701389397554658
15.919999988776588,11.472652437019118,14.174069129487398,-21.120474059911146,-4.605377248004572,-27.394622751995428,91.12047405991115,3826614.9875692576,28341.71810479118,9.605377248004572,9.605377248004572,0.1570170085697407
15.919999998368107,12.125638822319381,14.1682002432015,-21.40297842226812,-4.605377213511531,-27.39462278648847,91.40297842226812,3826615.001037646,28341.718204544428,9.605377213511531,9.605377213511531,0.15732467924883498
15.919999978116874,11.462508473435175,14.17406816371503,-21.116088920730988,-4.605377286338637,-27.394622713661363,91.11608892073099,3826614.9726010812,28341.717993929797,9.605377286338637,9.605377286338637,0.1570112246325026
15.919999908762392,11.47745722988127,14.174068477892957,-21.122551558501925,-4.605377535751188,-27.394622464248812,91.12255155850193,3826614.875213745,28341.717272633185,9.605377535751188,9.605377535751188,0.15701973662485275
15.919999988325353,11.469710013106369,14.174069159069541,-21.119202054911455,-4.605377249627054,-27.394622750372946,91.11920205491145,3826614.9869357347,28341.718100099013,9.605377249627054,9.605377249627054,0.15701533419957747
15.919999934757014,11.469882789228798,14.174069122059484,-21.119276994812367,-4.6053774422694005,-27.3946225577306,91.11927699481237,3826614.911715289,28341.71754298086,9.6053774422694,9.6053774422694,0.1570154324530501
15.91999999282952,11.467151325535411,14.174068984384235,-21.118095922887335,-4.605377233429351,-27.39462276657065,91.11809592288733,3826614.9932603966,28341.718146942447,9.605377233429351,9.605377233429351,0.1570138759813004
15.919999992891633,11.472149492908951,14.174069155643043,-21.120256617875555,-4.605377233206013,-27.394622766793987,91.12025661787555,3826614.993347605,28341.718147588355,9.605377233206013,9.605377233206013,0.15701672257682725
15.919999964788257,11.464176281338162,14.174068515963999,-21.11680996121646,-4.605377334271282,-27.39462266572872,91.11680996121646,3826614.9538849653,28341.7178553094,9.605377334271282,9.605377334271282,0.15701217778811777
15.919999992439825,11.469926060315952,14.174069168657562,-21.119295432477486,-4.605377234830826,-27.394622765169174,91.11929543247749,3826614.992713171,28341.718142889436,9.605377234830826,9.605377234830826,0.15701545724370888
15.919999990574071,11.472208215315213,14.174069151520516,-21.12028201435794,-4.605377241540168,-27.394622758459832,91.12028201435794,3826614.990093399,28341.718123486164,9.605377241540168,9.605377241540168,0.1570167559679336
15.919999909062792,11.461507352076747,14.174067852729179,-21.115656467483632,-4.605377534670765,-27.394622465329235,91.11565646748363,3826614.875635621,28341.717275757797,9.605377534670765,9.605377534670765,0.15701065186621174
15.919999991738925,11.476922549487316,14.174068641828722,-21.122320027421154,-4.6053772373514335,-27.394622762648567,91.12232002742115,3826614.991728958,28341.718135599887,9.605377237351433,9.605377237351433,0.15701943359800832
15.919999977646366,11.03292420023934,14.171171180161807,-20.93047744684418,-4.605377288031036,-27.394622711968964,90.93047744684418,3826614.9719402567,28341.71798903542,9.605377288031036,9.605377288031036,0.15673521144971592
15.919998829939889,11.470643509211126,14.174068264340601,-21.11961099193627,-4.6053814154059864,-27.394618584594014,91.11961099193627,3826613.3603378693,28341.706052746893,9.605381415405986,9.605381415405986,0.15701586268290307
15.919999999060195,11.457408158059888,14.174066568781727,-21.113884020009152,-4.605377211022528,-27.394622788977472,91.11388402000915,3826615.002009526,28341.718211742627,9.605377211022528,9.605377211022528,0.157008304273938
15.919999997341314,11.4610779486535,14.17406780327081,-21.115470430450387,-4.605377217203966,-27.394622782796034,91.11547043045039,3826614.9995958763,28341.718193866,9.605377217203966,9.605377217203966,0.15701040640330619
15.91999999066065,11.47162227062191,14.174069170029096,-21.120028710174722,-4.605377241228894,-27.394622758771106,91.12002871017472,3826614.990214937,28341.718124386334,9.605377241228894,9.605377241228894,0.1570164226756446
15.919999589193518,11.469523999355062,14.17406883813083,-21.11912349829879,-4.605378684982725,-27.394621315017275,91.11912349829879,3826614.4264770206,28341.713949077042,9.605378684982725,9.605378684982725,0.15701522721935654
15.919999971493446,11.47535437989708,14.174068867230178,-21.12164219543905,-4.605377310158019,-27.39462268984198,91.12164219543905,3826614.9633003986,28341.717925044548,9.605377310158019,9.605377310158019,0.15701854364165693
15.919999838274812,11.483949673663393,14.17406656504807,-21.125358626662432,-4.605377789237821,-27.39462221076218,91.12535862666243,3826614.776235634,28341.71653955454,9.60537778923782,9.60537778923782,0.15702341142558107
15.919999993845122,12.447618100743686,14.161363471912667,-21.542439413175032,-4.605377229776934,-27.394622770223066,91.54243941317503,3826614.99468655,28341.71815750521,9.605377229776934,9.605377229776934,0.15743331585615503
15.919999997075784,11.46018829708381,14.174067539455969,-21.11508584569566,-4.605377218158992,-27.394622781841008,91.11508584569566,3826614.9992229682,28341.718191104068,9.605377218158992,9.605377218158992,0.15700989718319747
15.919999991733722,11.46128871418562,14.174067857929694,-21.115561568130147,-4.605377237370021,-27.39462276262998,91.11556156813015,3826614.991721699,28341.718135546125,9.605377237370021,9.605377237370021,0.15701052699011278
15.919999947446343,11.461368282346676,14.174067845012273,-21.115596170597314,-4.605377396636186,-27.394622603363814,91.11559617059731,3826614.929533544,28341.717674951273,9.605377396636186,9.605377396636186,0.1570105724006695
15.919999430023362,11.465886286616719,14.174068382715697,-21.117551671801948,-4.605379257389416,-27.394620742610584,91.11755167180195,3826614.202971257,28341.712293687782,9.605379257389416,9.605379257389416,0.1570131527901172
15.919999961644965,11.483913850846264,14.174066675819619,-21.125342566160384,-4.60537734557505,-27.39462265442495,91.12534256616038,3826614.9494712274,28341.717822619175,9.60537734557505,9.60537734557505,0.15702339150580147
15.919999947818383,11.466821799503087,14.174068912156677,-21.117953679878838,-4.605377395298262,-27.394622604701738,91.11795367987884,3826614.930055961,28341.71767882054,9.605377395298262,9.605377395298262,0.15701368791250378
15.919999965740923,11.458102158056843,14.1740668063099,-21.11418418106996,-4.605377330845386,-27.394622669154614,91.11418418106996,3826614.955222669,28341.717865217066,9.605377330845386,9.605377330845386,0.1570087020524336
15.919986911672058,11.480136603666939,14.174057621539044,-21.12377032753386,-4.605424275824134,-27.394575724175866,91.12377032753386,3826596.6248530876,28341.582101841574,9.605424275824134,9.605424275824134,0.15702122105634994
15.919999979280815,11.45139866424902,14.174063682244615,-21.11128631608881,-4.605377282153086,-27.394622717846914,91.11128631608881,3826614.9742354,28341.718006034334,9.605377282153086,9.605377282153086,0.1570048526341245
15.919999965143347,11.47980153583709,14.17406799237171,-21.123564755277584,-4.605377332994237,-27.394622667005763,91.12356475527758,3826614.9543836177,28341.717859002656,9.605377332994237,9.605377332994237,0.1570210652750021
15.919999986460548,11.47689188947113,14.174068643072786,-21.122306797500016,-4.605377256333497,-27.394622743666503,91.12230679750002,3826614.984317093,28341.718080704115,9.605377256333497,9.605377256333497,0.1570194161927906
15.91999999051424,11.478051765195644,14.174068422954225,-21.122808199251722,-4.605377241755548,-27.394622758244452,91.12280819925172,3826614.9900092976,28341.71812286327,9.605377241755548,9.605377241755548,0.15702007392094247
15.919999991844094,11.479044390005761,14.17406820195361,-21.123237311287994,-4.60537723697297,-27.39462276302703,91.123237311288,3826614.991876733,28341.718136694377,9.60537723697297,9.60537723697297,0.1570206364640824
15.919999948047874,11.469551117709749,14.174069121810248,-21.11913355219309,-4.605377394472839,-27.39462260552716,91.11913355219309,3826614.930378263,28341.717681207658,9.60537739447284,9.60537739447284,0.15701524359846697
15.919973817284387,11.47325576631123,14.174048477490674,-21.120856621430164,-4.6054713658264745,-27.394528634173525,91.12085662143016,3826578.23803334,28341.44592036948,9.605471365826475,9.605471365826475,0.15701728347141974
15.919999988590568,11.472016851441257,14.174069157075717,-21.120199296979422,-4.605377248673449,-27.39462275132655,91.12019929697942,3826614.987308082,28341.71810285679,9.605377248673449,9.605377248673449,0.15701664712458313
15.919999989971647,11.469411617780999,14.174069149371059,-21.119073051724172,-4.605377243706641,-27.39462275629336,91.11907305172417,3826614.9892474604,28341.718117220746,9.605377243706641,9.605377243706641,0.15701516425099554
15.919986978281376,11.467183229957993,14.174058736530254,-21.1181702555852,-4.605424036283978,-27.394575963716022,91.1181702555852,3826596.718384689,28341.582794580794,9.605424036283978,9.605424036283978,0.15701386032236958
15.919999988776588,11.476233610127707,14.174068754301684,-21.122022209575846,-4.605377248004572,-27.394622751995428,91.12202220957585,3826614.9875692576,28341.71810479118,9.605377248004572,9.605377248004572,0.15701904272706294
15.919999998303206,11.466248888048053,14.17406888047963,-21.117705778660536,-4.60537721374493,-27.39462278625507,91.11770577866054,3826615.0009465166,28341.71820386948,9.60537721374493,9.60537721374493,0.15701336119066447
15.919999966809929,11.465629818347885,14.174068767755113,-21.117438305211863,-4.605377327000838,-27.394622672999162,91.11743830521186,3826614.9567238414,28341.717876335457,9.605377327000838,9.605377327000838,0.15701300780501803
15.428969340121634,12.770824109490004,13.767289308256284,-23.935714786855442,-6.392068171059748,-25.607931828940252,93.93571478685544,3236558.907893958,23971.484064915,11.392068171059748,11.392068171059748,0.15619923607584485
15.919999993517674,11.471299069369593,14.174069178189113,-21.119888977199594,-4.605377230954616,-27.394622769045384,91.1198889771996,3826614.9942266983,28341.718154099333,9.605377230954616,9.605377230954616,0.1570162387958468
15.91999999230515,11.469882789228798,14.174069167388545,-21.119276727109877,-4.605377235315075,-27.394622764684925,91.11927672710988,3826614.992524093,28341.718141489033,9.605377235315075,9.605377235315075,0.1570154326027466
15.91999999282952,11.468619397654614,14.174069109890889,-21.118730564158966,-4.605377233429351,-27.39462276657065,91.11873056415897,3826614.9932603966,28341.718146942447,9.605377233429351,9.605377233429351,0.1570147129081376
15.758264423273491,11.475989839705633,14.0469242688026,-21.871599934504673,-5.189244975358122,-26.810755024641878,91.87159993450467,3611454.410084241,26748.1372365424,10.189244975358122,10.189244975358122,0.15659488303046268
15.919999993675683,11.464176281338162,14.174068538717531,-21.11680982684163,-4.605377230386296,-27.394622769613704,91.11680982684163,3826614.994448613,28341.718155742936,9.605377230386296,9.605377230386296,0.15701217786325794
15.193001265445817,11.58238608845339,13.60595939547721,-24.496994520177566,-7.265905553058531,-24.73409444694147,94.49699452017757,3009594.8226413154,22290.480842736048,12.26590555305853,12.26590555305853,0.1551170777688812
15.91999998800291,11.472208215315213,14.174069149495185,-21.12028202631751,-4.605377250786546,-27.394622749213454,91.12028202631751,3826614.986482988,28341.718096745757,9.605377250786546,9.605377250786546,0.1570167559612447
15.919999998380632,11.469781872290561,14.174069169251021,-21.119233072694726,-4.605377213466568,-27.394622786533432,91.11923307269473,3826615.0010552066,28341.71820467449,9.605377213466568,9.605377213466568,0.15701537514935884
15.919999991738925,11.472975812547247,14.174069113213049,-21.120613841609725,-4.6053772373514335,-27.394622762648567,91.12061384160972,3826614.991728958,28341.718135599887,9.605377237351433,9.605377237351433,0.15701719242561638
15.919999988746673,11.46815085343895,14.174069073418343,-21.11852803326417,-4.605377248112063,-27.394622751887937,91.11852803326417,3826614.987527284,28341.718104480304,9.605377248112063,9.605377248112063,0.1570144458612154
15.919999973676576,11.470643509211126,14.174069165238553,-21.119605671594684,-4.605377302307318,-27.394622697692682,91.11960567159468,3826614.9663658347,28341.717947748617,9.605377302307318,9.605377302307318,0.1570158656581257
15.919999988228689,11.473447641302332,14.174069077857718,-21.120817830036913,-4.6053772499749925,-27.394622750025007,91.12081783003691,3826614.9867998757,28341.718099092777,9.605377249974993,9.605377249974993,0.15701746060529848
15.91999982899215,11.466461020176908,14.174068774682443,-21.117798269735772,-4.605377822620312,-27.394622177379688,91.11779826973577,3826614.763200884,28341.716443013025,9.605377822620312,9.605377822620312,0.15701348178638372
15.91999999066065,11.47540906413225,14.174068875110736,-21.121665746456415,-4.605377241228894,-27.394622758771106,91.12166574645642,3826614.990214937,28341.718124386334,9.605377241228894,9.605377241228894,0.15701857473674025
15.919999733328993,11.08549218459482,14.171836155319827,-20.95318172963613,-4.605378166643675,-27.394621833356325,90.95318172963613,3826614.628871184,28341.715448103816,9.605378166643675,9.605378166643675,0.15677236326574723
15.919999974268746,11.47535437989708,14.17406886941649,-21.121642182530877,-4.605377300177281,-27.39462269982272,91.12164218253088,3826614.967197552,28341.717953908705,9.605377300177281,9.605377300177281,0.15701854364887877
15.919999943967468,11.47290823858362,14.174069079723646,-21.120584851542162,-4.60537740914674,-27.39462259085326,91.12058485154216,3826614.924648587,28341.717638770977,9.60537740914674,9.60537740914674,0.15701715388636148
15.9199999902295,11.469065711660967,14.174069133593738,-21.11892351632042,-4.605377242779355,-27.394622757220645,91.11892351632042,3826614.9896095395,28341.718119902474,9.605377242779355,9.605377242779355,0.1570149672035266
15.919999975332612,11.46018829708381,14.174067522329663,-21.11508594684443,-4.605377296351492,-27.39462270364851,91.11508594684443,3826614.9686913867,28341.71796497275,9.605377296351492,9.605377296351492,0.15700989712664046
15.91999999801287,11.470104988196432,14.174069177278666,-21.119372756697373,-4.605377214789087,-27.394622785210913,91.11937275669737,3826615.0005388074,28341.71820084979,9.605377214789087,9.605377214789087,0.1570155591419505
15.91999994754282,11.466992503750202,14.174068931382957,-21.118027475705276,-4.605377396289271,-27.39462260371073,91.11802747570528,3826614.929669008,28341.717675954584,9.60537739628927,9.60537739628927,0.15701378528062704
15.919999989883689,11.465886286616719,14.174068823703466,-21.117549067456196,-4.605377244022975,-27.394622755977025,91.1175490674562,3826614.9891239447,28341.71811630593,9.605377244022975,9.605377244022975,0.15701315424645593
15.919999961644965,11.481501041179119,14.174067505974403,-21.12429948249627,-4.60537734557505,-27.39462265442495,91.12429948249627,3826614.9494712274,28341.717822619175,9.60537734557505,9.60537734557505,0.15702202728192316
15.919999947818383,11.471637559879053,14.17406913592854,-21.12003551900426,-4.605377395298262,-27.394622604701738,91.12003551900426,3826614.930055961,28341.71767882054,9.605377395298262,9.605377395298262,0.1570164312622933
15.919999994861582,11.469361547396641,14.174069151124087,-21.119051383691556,-4.605377226121618,-27.394622773878382,91.11905138369156,3826614.9961138233,28341.718168076273,9.605377226121618,9.605377226121618,0.157015135743064
15.919999837913723,11.456405020609175,14.174066035792425,-21.113451128837823,-4.605377790536636,-27.394622209463364,91.11345112883782,3826614.7757284935,28341.71653579842,9.605377790536636,9.605377790536636,0.1570077284934583
15.919999985416643,11.45139866424902,14.174063687077512,-21.111286287545056,-4.605377260087778,-27.394622739912222,91.11128628754506,3826614.9828511737,28341.718069846826,9.605377260087778,9.605377260087778,0.15700485265008393
15.919999993180438,11.469551117709749,14.174069157360261,-21.11913334224772,-4.605377232167143,-27.394622767832857,91.11913334224772,3826614.9937532498,28341.718150592747,9.605377232167143,9.605377232167143,0.15701524371587167
15.919999965036311,11.470954317994515,14.174069158717638,-21.11974007400613,-4.6053773333790105,-27.39462266662099,91.11974007400613,3826614.9542333717,28341.717857889864,9.60537733337901,9.60537733337901,0.15701604253708626
15.91999999741816,11.478051765195644,14.174068428392069,-21.122808167141386,-4.605377216927707,-27.394622783072293,91.12280816714139,3826614.999703742,28341.718194664903,9.605377216927707,9.605377216927707,0.1570200739388996
15.858726597246422,11.484141044794374,14.125838459592924,-21.410074749953708,-4.826047922958139,-27.17395207704186,91.41007474995371,3742348.1088797986,27717.59779764098,9.82604792295814,9.82604792295814,0.15686364770646435
15.919999991052064,11.469551117709749,14.174069155684291,-21.119133352146378,-4.605377239821223,-27.394622760178777,91.11913335214638,3826614.990764589,28341.718128457316,9.605377239821223,9.605377239821223,0.15701524371034037
15.919999997698497,11.47325576631123,14.174069099349323,-21.12073483818233,-4.605377215919589,-27.39462278408041,91.12073483818233,3826615.000097383,28341.718197580394,9.605377215919589,9.605377215919589,0.15701735157612165
15.9199999943896,11.471157220887939,14.174069180512321,-21.119827652169363,-4.605377227818792,-27.394622772181208,91.11982765216936,3826614.9954511328,28341.718163168072,9.605377227818792,9.605377227818792,0.15701615808217495
15.91999999552843,11.468047613426215,14.174069070575516,-21.118483371480522,-4.6053772237233375,-27.394622776276663,91.11848337148052,3826614.9970502765,28341.718175012084,9.605377223723337,9.605377223723337,0.15701438703019058
15.919999915465056,11.472811794047004,14.174069062950743,-21.12054329107582,-4.605377511646964,-27.394622488353036,91.12054329107582,3826614.8846256533,28341.71734234222,9.605377511646964,9.605377511646964,0.15701709898215566
15.919999988776588,11.469473566639131,14.17406915092489,-21.119099837611884,-4.605377248004572,-27.394622751995428,91.11909983761188,3826614.9875692576,28341.71810479118,9.605377248004572,9.605377248004572,0.15701519953354823
15.919999998303206,11.474143305735616,14.17406902596752,-21.121118520111736,-4.60537721374493,-27.39462278625507,91.12111852011174,3826615.0009465166,28341.71820386948,9.60537721374493,9.60537721374493,0.1570178559209633
15.283463671376827,11.473375226704235,13.67639550199648,-24.041793772037636,-6.92970891460925,-25.07029108539075,94.04179377203764,3093043.7389414893,22908.542934065543,11.92970891460925,11.92970891460925,0.1553095651515967
15.919999999970548,11.47745722988127,14.174068549736495,-21.122551134233618,-4.605377207748802,-27.394622792251198,91.12255113423362,3826615.0032878066,28341.71822121018,9.605377207748802,9.605377207748802,0.15701973686212262
15.919999993517674,11.471584397087675,14.174069173128649,-21.12001232417697,-4.605377230954616,-27.394622769045384,91.12001232417697,3826614.9942266983,28341.718154099333,9.605377230954616,9.605377230954616,0.15701640113641485
15.919999994950302,11.471845265120283,14.174069167564028,-21.120125090658235,-4.605377225802556,-27.394622774197444,91.12012509065823,3826614.9962384156,28341.718168999058,9.605377225802556,9.605377225802556,0.15701654954158512
15.919999791524214,11.471285510192253,14.174069019264367,-21.119884055192188,-4.605377957362293,-27.394622042637707,91.11988405519219,3826614.7105886103,28341.716053341675,9.605377957362293,9.605377957362293,0.15701623055510006
14.466211082506257,11.472149492908951,13.046630333095111,-27.684607540962418,-10.02294105873716,-21.97705894126284,97.68460754096242,2464363.482299792,18252.239995393094,15.02294105873716,15.02294105873716,0.15295272743093127
15.91999999308171,11.464176281338162,14.174068538249914,-21.116809829598992,-4.605377232522528,-27.394622767477472,91.11680982959899,3826614.9936144804,28341.718149564957,9.605377232522528,9.605377232522528,0.15701217786171537
15.919999975631077,11.469926060315952,14.174069155417726,-21.11929551066919,-4.605377295278288,-27.394622704721712,91.11929551066919,3826614.969110441,28341.717968076464,9.605377295278288,9.605377295278288,0.15701545719998447
15.919999990574071,11.471468314624325,14.174069173153711,-21.119962155487258,-4.605377241540168,-27.394622758459832,91.11996215548726,3826614.990093399,28341.718123486164,9.605377241540168,9.605377241540168,0.15701633508537322
15.919999992710377,11.469975139845555,14.174069170123984,-21.119316648193944,-4.605377233857723,-27.394622766142277,91.11931664819394,3826614.9930931395,28341.71814570366,9.605377233857723,9.605377233857723,0.15701548519191175
15.919999994036194,11.46912792081769,14.174069139722386,-21.11895039144281,-4.605377229089754,-27.394622770910246,91.11895039144281,3826614.994954864,28341.71815949247,9.605377229089754,9.605377229089754,0.15701500265415322
15.919999988746673,11.466904252952201,14.174068953892435,-21.117989133677497,-4.605377248112063,-27.394622751887937,91.1179891336775,3826614.987527284,28341.718104480304,9.605377248112063,9.605377248112063,0.15701373505115399
15.919999973676576,11.476471954477205,14.174068704244885,-21.122125317112022,-4.605377302307318,-27.394622697692682,91.12212531711202,3826614.9663658347,28341.717947748617,9.605377302307318,9.605377302307318,0.1570191779271338
15.919999965380715,11.473447641302332,14.174069059861484,-21.12081793631802,-4.6053773321403355,-27.394622667859664,91.12081793631802,3826614.954717033,28341.717861472087,9.605377332140336,9.605377332140336,0.157017460545869
15.919999997341314,11.4704085111755,14.174069181803091,-21.119503972237737,-4.605377217203966,-27.394622782796034,91.11950397223774,3826614.9995958763,28341.718193866,9.605377217203966,9.605377217203966,0.15701573194680635
15.91999999066065,11.471707608153508,14.174069167962834,-21.120065601552653,-4.605377241228894,-27.394622758771106,91.12006560155265,3826614.990214937,28341.718124386334,9.605377241228894,9.605377241228894,0.1570164712234212
14.639024623993528,11.4684241798807,13.179079281673026,-26.921854577206773,-9.358137257912233,-22.641862742087767,96.92185457720677,2576933.5318587315,19085.986955044362,14.358137257912233,14.358137257912233,0.15346519359758168
15.919999974268746,11.47990943607239,14.174067971338777,-21.123611358949802,-4.605377300177281,-27.39462269982272,91.1236113589498,3826614.967197552,28341.71795390678,9.605377300177281,9.605377300177281,0.1570211264034268
15.919999995174654,11.47290823858362,14.174069120058633,-21.120584613341634,-4.605377224995834,-27.394622775004166,91.12058461334163,3826614.9965534145,28341.718171332093,9.605377224995834,9.605377224995834,0.15701715401956892
15.9199999902295,11.470287234092854,14.17406917450317,-21.119451577453674,-4.605377242779355,-27.394622757220645,91.11945157745367,3826614.9896095395,28341.718119902474,9.605377242779355,9.605377242779355,0.1570156628843748
15.919999997075784,11.467213494400049,14.174068994312956,-21.118122778423924,-4.605377218158992,-27.394622781841008,91.11812277842392,3826614.9992229682,28341.718191104068,9.605377218158992,9.605377218158992,0.157013911447741
15.919999998014978,11.470104988196432,14.174069177280549,-21.11937275668663,-4.605377214781413,-27.394622785218587,91.11937275668663,3826615.0005418053,28341.718200871997,9.605377214781413,9.605377214781413,0.1570155591419574
15.91999994754282,11.469965619049205,14.174069134308773,-21.11931274248218,-4.605377396289271,-27.39462260371073,91.11931274248218,3826614.929669008,28341.717675954584,9.60537739628927,9.60537739628927,0.15701547965302148
15.919999989883689,11.474263422798732,14.174069007585679,-21.121170486136464,-4.605377244022975,-27.394622755977025,91.12117048613646,3826614.9891239447,28341.71811630593,9.605377244022975,9.605377244022975,0.15701792413634555
15.919999961644965,13.325919254613062,14.131403255034494,-21.923413870112313,-4.60537734557505,-27.39462265442495,91.92341387011231,3826614.9494712274,28341.717822619175,9.60537734557505,9.60537734557505,0.15760557346681311
15.919999947818383,11.47313148491611,14.174069068578795,-21.120681343224703,-4.605377395298262,-27.394622604701738,91.1206813432247,3826614.93005596,28341.71767882054,9.605377395298262,9.605377395298262,0.15701728080375468
15.919999994861582,11.474739488047447,14.17406896082256,-21.121376267149287,-4.605377226121618,-27.394622773878382,91.12137626714929,3826614.9961138233,28341.718168076273,9.605377226121618,9.605377226121618,0.1570181945523325
15.919999992306796,11.480136603666939,14.174067925030682,-21.123709481423305,-4.605377235309163,-27.394622764690837,91.1237094814233,3826614.9925263994,28341.718141506117,9.605377235309163,9.605377235309163,0.1570212550850136
15.91999999824711,11.45139866424902,14.174063697183493,-21.111286227861342,-4.60537721394644,-27.39462278605356,91.11128622786134,3826615.0008678306,28341.718203286695,9.60537721394644,9.60537721394644,0.157004852683456
15.919999992628945,11.469551117709749,14.174069156925942,-21.119133344811928,-4.605377234150524,-27.394622765849476,91.11913334481193,3826614.992978805,28341.718144856848,9.605377234150524,9.605377234150524,0.15701524371443787
15.919999992433238,11.470954317994515,14.174069180297815,-21.11973994656188,-4.605377234854529,-27.39462276514547,91.11973994656188,3826614.992703913,28341.718142820864,9.60537723485453,9.60537723485453,0.1570160426083562
15.91999999741816,11.47037887020392,14.174069181487974,-21.119491158133314,-4.605377216927707,-27.394622783072293,91.11949115813331,3826614.999703742,28341.718194664903,9.605377216927707,9.605377216927707,0.1570157150726129
15.919999991270076,11.47171357070905,14.174069168290638,-21.120068176327834,-4.605377239037239,-27.39462276096276,91.12006817632783,3826614.9910707036,28341.718130724545,9.605377239037239,9.605377239037239,0.15701647461696702
15.919999991052064,11.471929451540618,14.174069161912241,-21.120161502567782,-4.605377239821223,-27.394622760178777,91.12016150256778,3826614.990764589,28341.718128457316,9.605377239821223,9.605377239821223,0.15701659741845375
15.919999996768532,11.47325576631123,14.174069098617172,-21.120734842509478,-4.605377219263914,-27.394622780736086,91.12073484250948,3826614.9987915377,28341.71818790869,9.605377219263914,9.605377219263914,0.15701735157370633
15.9199999943896,11.470905536509463,14.174069181979702,-21.11971884928522,-4.605377227818792,-27.394622772181208,91.11971884928522,3826614.9954511328,28341.718163168072,9.605377227818792,9.605377227818792,0.1570160148507588
15.91999999552843,11.46052923285604,14.174067641978928,-21.11523323535374,-4.6053772237233375,-27.394622776276663,91.11523323535374,3826614.9970502765,28341.718175012084,9.605377223723337,9.605377223723337,0.1570100923538705
15.919999915465056,11.470118016754817,14.17406911252972,-21.119378772908874,-4.605377511646964,-27.394622488353036,91.11937877290887,3826614.8846256533,28341.71734234222,9.605377511646964,9.605377511646964,0.1570155663454492
15.919999988776588,11.472330585440616,14.174069144996087,-21.12033492334706,-4.605377248004572,-27.394622751995428,91.12033492334706,3826614.9875692576,28341.71810479118,9.605377248004572,9.605377248004572,0.1570168255551935
15.919999989806266,11.469103451641953,14.17406913517282,-21.118939833165598,-4.605377244301451,-27.39462275569855,91.1189398331656,3826614.9890152,28341.718115500516,9.605377244301451,9.605377244301451,0.15701498870314118
15.91999999631198,11.473827662101066,14.174069053282846,-21.120982076019686,-4.6053772209054955,-27.394622779094504,91.12098207601969,3826614.998150547,28341.71818316121,9.605377220905496,9.605377220905496,0.15701767658013868
15.919999998458596,11.47745722988127,14.174068548545943,-21.122551141268502,-4.605377213186273,-27.394622786813727,91.1225511412685,3826615.0011646533,28341.718205485107,9.605377213186273,9.605377213186273,0.15701973685819326
15.919999993517674,11.47020664599632,14.174069175728492,-21.119416724071982,-4.605377230954616,-27.394622769045384,91.11941672407198,3826614.9942266983,28341.718154099333,9.605377230954616,9.605377230954616,0.15701561701096162
15.919999995283792,11.471845265120283,14.174069167826413,-21.120125089110616,-4.605377224603274,-27.394622775396726,91.12012508911062,3826614.996706691,28341.71817246733,9.605377224603274,9.605377224603274,0.1570165495424501
15.91999999282952,11.47385700033454,14.174069047976506,-21.120994775190297,-4.605377233429351,-27.39462276657065,91.1209947751903,3826614.9932603966,28341.718146942447,9.605377233429351,9.605377233429351,0.15701769324117149
15.919999992891633,11.469359238463856,14.174069149474215,-21.119050394711678,-4.605377233206013,-27.394622766793987,91.11905039471168,3826614.993347605,28341.718147588355,9.605377233206013,9.605377233206013,0.15701513442273032
15.919999996802389,11.464176281338162,14.174068541180413,-21.11680981229796,-4.605377219142156,-27.394622780857844,91.11680981229796,3826614.9988390794,28341.718188260806,9.605377219142156,9.605377219142156,0.15701217787139166
15.919999992439825,11.469530187569276,14.17406915599365,-21.119124297647886,-4.605377234830826,-27.394622765169174,91.11912429764789,3826614.992713171,28341.718142889436,9.605377234830826,9.605377234830826,0.15701523179292612
15.919999990574071,11.468638297171395,14.174069109321886,-21.118738744848315,-4.605377241540168,-27.394622758459832,91.11873874484832,3826614.990093399,28341.718123486164,9.605377241540168,9.605377241540168,0.15701472367216973
15.919999999725809,11.469975139845555,14.174069175649903,-21.119316615556613,-4.605377208628738,-27.394622791371262,91.11931661555661,3826615.0029442213,28341.718218665425,9.605377208628738,9.605377208628738,0.1570154852101606
15.390915752000598,11.469449912718211,13.759917594509462,-23.552456257594713,-6.532306624385512,-25.467693375614488,93.55245625759471,3197855.7048084666,23684.82986135263,11.532306624385512,11.532306624385512,0.1556031368355786
15.919999981302432,11.46815085343895,14.174069067554797,-21.11852806788619,-4.605377274882983,-27.394622725117017,91.11852806788619,3826614.977074133,28341.718027059334,9.605377274882983,9.605377274882983,0.15701444584185215
15.919999973676576,11.472178725179607,14.174069139376703,-21.12026934437182,-4.605377302307318,-27.394622697692682,91.12026934437182,3826614.9663658347,28341.717947748617,9.605377302307318,9.605377302307318,0.15701673915221795
15.919999998492251,11.473447641302332,14.174069085942161,-21.120817782292022,-4.6053772130647985,-27.3946227869352,91.12081778229202,3826615.001212085,28341.718205836405,9.605377213064799,9.605377213064799,0.1570174606319973
15.919999997341314,11.474478953924017,14.174068991327376,-21.121263626047153,-4.605377217203966,-27.394622782796034,91.12126362604715,3826614.9995958763,28341.718193866,9.605377217203966,9.605377217203966,0.15701804658537055
15.91999999066065,11.469919117654001,14.174069167073363,-21.119292439457354,-4.605377241228894,-27.394622758771106,91.11929243945735,3826614.990214937,28341.718124386334,9.605377241228894,9.605377241228894,0.15701545328564007
15.919999589193518,11.469603926568489,14.174068841068507,-21.11915805062023,-4.605378684982725,-27.394621315017275,91.11915805062023,3826614.4264770206,28341.713949077042,9.605378684982725,9.605378684982725,0.1570152727423035
15.919999974268746,11.649756454943592,14.173612174615215,-21.197052276993304,-4.605377300177281,-27.39462269982272,91.1970522769933,3826614.967197552,28341.717953908705,9.605377300177281,9.605377300177281,0.15711283147409974
15.919999995174654,11.474573165707291,14.174068979522911,-21.1213043641136,-4.605377224995834,-27.394622775004166,91.1213043641136,3826614.9965534145,28341.718171332093,9.605377224995834,9.605377224995834,0.15701810009089062
15.9199999902295,11.471457646808926,14.174069173078054,-21.119957545397256,-4.605377242779355,-27.394622757220645,91.11995754539726,3826614.9896095395,28341.718119902474,9.605377242779355,9.605377242779355,0.15701632901496904
15.919999982637766,11.467213494400049,14.174068982940424,-21.11812284558306,-4.605377270081021,-27.39462272991898,91.11812284558306,3826614.9789491347,28341.71804094648,9.605377270081021,9.605377270081021,0.1570139114101832
15.919999998014978,11.469768215996595,14.174069168544854,-21.119227170802105,-4.605377214781413,-27.394622785218587,91.1192271708021,3826615.0005418053,28341.718200871997,9.605377214781413,9.605377214781413,0.15701536737130783
15.91999994754282,11.468653953787104,14.174069076419604,-21.118745713318162,-4.605377396289271,-27.39462260371073,91.11874571331816,3826614.929669008,28341.717675954584,9.60537739628927,9.60537739628927,0.15701473248207867
15.919999998672127,11.474263422798732,14.174069014508486,-21.1211704452532,-4.605377212417977,-27.394622787582023,91.1211704452532,3826615.0014646505,28341.718207707025,9.605377212417977,9.605377212417977,0.15701792415921073
15.919999961644965,11.467957573474457,14.174069036495599,-21.11844460520018,-4.60537734557505,-27.39462265442495,91.11844460520018,3826614.9494712274,28341.717822619175,9.60537734557505,9.60537734557505,0.15701433561490757
15.919999993770801,11.471637559879053,14.174069172124309,-21.120035305245892,-4.605377230044098,-27.3946227699559,91.12003530524589,3826614.9945822316,28341.71815673258,9.605377230044098,9.605377230044098,0.15701643138182944
15.919999997959243,11.469361547396641,14.174069153564577,-21.119051369281976,-4.605377214981843,-27.394622785018157,91.11905136928198,3826615.0004635365,28341.7182002923,9.605377214981843,9.605377214981843,0.15701513575112758
15.919999998918012,11.480136603666939,14.174067930237857,-21.12370945067272,-4.605377211534062,-27.394622788465938,91.12370945067272,3826615.0018097847,28341.71821026325,9.605377211534062,9.605377211534062,0.15702125510220896
15.91999999824711,11.469793986823724,14.174069169512622,-21.119238310394167,-4.60537721394644,-27.39462278605356,91.11923831039417,3826615.0008678306,28341.718203286695,9.60537721394644,9.60537721394644,0.15701538204804938
15.919999993180438,11.471575971345452,14.1740691730462,-21.120008683303922,-4.605377232167143,-27.394622767832857,91.12000868330392,3826614.9937532498,28341.718150592747,9.605377232167143,9.605377232167143,0.1570163963419796
15.919999995124432,11.470954317994515,14.17406918241778,-21.11973993404257,-4.605377225176255,-27.394622774823745,91.11973993404257,3826614.9964829646,28341.718170810305,9.605377225176255,9.605377225176255,0.15701604261535843
15.91999999642552,11.47037887020392,14.174069180706377,-21.119491162754684,-4.605377220497246,-27.394622779502754,91.11949116275468,3826614.9983099634,28341.71818434192,9.605377220497246,9.605377220497246,0.15701571507003373
15.919999998993758,11.359929082388,14.173888922478907,-21.07175010470462,-4.605377211261555,-27.394622788738445,91.07175010470462,3826615.0019161897,28341.71821105134,9.605377211261555,9.605377211261555,0.15695088991196768
15.919999991052064,11.470839594879127,14.174069179431147,-21.119690358325954,-4.605377239821223,-27.394622760178777,91.11969035832595,3826614.990764589,28341.718128457316,9.605377239821223,9.605377239821223,0.1570159773119511
15.919999993504796,11.47325576631123,14.174069096045967,-21.12073485768832,-4.60537723100083,-27.39462276899917,91.12073485768832,3826614.9942086544,28341.718153965692,9.60537723100083,9.60537723100083,0.1570173515652107
15.9199999943896,11.469977357699964,14.174069171501612,-21.119317599156204,-4.605377227818792,-27.394622772181208,91.1193175991562,3826614.9954511328,28341.718163168072,9.605377227818792,9.605377227818792,0.15701548645917926
15.919999998308672,11.469411617780999,14.1740691559379,-21.119073012945137,-4.605377213725376,-27.394622786274624,91.11907301294514,3826615.0009541498,28341.718203926015,9.605377213725376,9.605377213725376,0.1570151642726832
15.919999915465056,11.469648189444463,14.174069099612739,-21.119175667621107,-4.605377511646964,-27.394622488353036,91.1191756676211,3826614.8846256533,28341.71734234222,9.605377511646964,9.605377511646964,0.1570152988003109
15.472697896805657,12.005644279013957,13.819446731560546,-23.409175548818382,-6.231236178147981,-25.76876382185202,93.40917554881838,3282115.1915158806,24308.895419992194,11.23123617814798,11.23123617814798,0.15608478486508473
15.919999992849252,11.469103451641953,14.174069137569665,-21.11893981901119,-4.605377233358297,-27.394622766641703,91.11893981901119,3826614.9932881477,28341.71814714799,9.605377233358297,9.605377233358297,0.15701498871105687
15.91999999631198,11.469633741906105,14.174069162795632,-21.119169045909587,-4.6053772209054955,-27.394622779094504,91.11916904590959,3826614.998150547,28341.71818316121,9.605377220905496,9.605377220905496,0.1570152907823038
15.919999999970548,11.472009140064795,14.17406916630398,-21.12019591041536,-4.605377207748802,-27.394622792251198,91.12019591041536,3826615.0032878066,28341.71822121018,9.605377207748802,9.605377207748802,0.1570166427680986
15.919999993517674,11.473925185702843,14.174069042466293,-21.121024248646563,-4.605377230954616,-27.394622769045384,91.12102424864656,3826614.9942266983,28341.718154099333,9.605377230954616,9.605377230954616,0.15701773198510202
15.919999991701289,11.471845265120283,14.1740691650045,-21.1201251057729,-4.605377237486493,-27.394622762513507,91.1201251057729,3826614.9916762225,28341.718135209303,9.605377237486493,9.605377237486493,0.15701654953313002
15.91999999282952,11.46958341125535,14.174069158267743,-21.11914730429646,-4.605377233429351,-27.39462276657065,91.11914730429646,3826614.9932603966,28341.718146942447,9.605377233429351,9.605377233429351,0.15701526210787858
15.919999992891633,11.470623405904437,14.174069180259307,-21.119596891578965,-4.605377233206013,-27.394622766793987,91.11959689157896,3826614.993347605,28341.718147588355,9.605377233206013,9.605377233206013,0.1570158542649675
15.919999996802389,11.470817376990773,14.174069183959489,-21.119680726813556,-4.605377219142156,-27.394622780857844,91.11968072681356,3826614.9988390794,28341.718188260806,9.605377219142156,9.605377219142156,0.15701596468147794
15.91999999741502,11.469926060315952,14.174069172576509,-21.119295409338008,-4.605377216938848,-27.394622783061152,91.11929540933801,3826614.999699393,28341.718194632693,9.605377216938848,9.605377216938848,0.1570154572566525
15.91999999496619,11.471468314624325,14.174069176613186,-21.11996213505904,-4.605377225745372,-27.39462277425463,91.11996213505904,3826614.996260742,28341.718169164422,9.605377225745372,9.605377225745372,0.15701633509679802
15.919999994204648,11.469975139845555,14.174069171301072,-21.11931664123847,-4.605377228484201,-27.3946227715158,91.11931664123847,3826614.995191319,28341.71816124377,9.605377228484201,9.605377228484201,0.1570154851957991
15.91999999005372,11.46912792081769,14.174069136585548,-21.118950409964327,-4.605377243411851,-27.39462275658815,91.11895040996433,3826614.989362563,28341.718118073248,9.605377243411851,9.605377243411851,0.1570150026437943
15.919999998741654,11.46815085343895,14.17406908129108,-21.118527986762786,-4.605377212168264,-27.394622787831736,91.11852798676279,3826615.0015621497,28341.71820842915,9.605377212168264,9.605377212168264,0.15701444588721408
15.919999973676576,11.46741513815584,14.174068996464356,-21.118210056883186,-4.605377302307318,-27.394622697692682,91.11821005688319,3826614.9663658347,28341.717947748617,9.605377302307318,9.605377302307318,0.15701402637748707
15.919999999060195,11.470697096727037,14.17406918548216,-21.119628719317348,-4.605377211022528,-27.394622788977472,91.11962871931735,3826615.002009526,28341.718211742627,9.605377211022528,9.605377211022528,0.15701589622646758
15.919999996895083,11.4704085111755,14.174069181451781,-21.119503974309794,-4.605377218808769,-27.39462278119123,91.1195039743098,3826614.9989692504,28341.71818922491,9.60537721880877,9.60537721880877,0.1570157319456475
15.919999998750002,11.47162227062191,14.174069176400765,-21.12002867254688,-4.605377212138308,-27.394622787861692,91.12002867254688,3826615.0015738453,28341.718208515773,9.605377212138308,9.605377212138308,0.15701642269668672
15.919999987870511,11.469603926568489,14.17406915509798,-21.119156196079018,-4.60537725126278,-27.39462274873722,91.11915619607902,3826614.9862970402,28341.71809536854,9.60537725126278,9.60537725126278,0.15701527377938457
15.919999974268746,11.472046254924386,14.17406914477008,-21.12021207472435,-4.605377300177281,-27.39462269982272,91.12021207472435,3826614.967197552,28341.717953908705,9.605377300177281,9.605377300177281,0.15701666381130766
15.919999999730717,11.47290823858362,14.174069123647032,-21.120584592145576,-4.605377208611458,-27.394622791388542,91.12058459214558,3826615.0029509636,28341.718218715363,9.605377208611458,9.605377208611458,0.15701715403141764
15.171772127447158,10.48142653290758,13.575414368138604,-24.12616295201724,-7.345019554479222,-24.654980445520778,94.12616295201724,2990607.9745871443,22149.85527758306,12.345019554479222,12.345019554479222,0.15427478013104637
15.919999993950436,11.467213494400049,14.174068991851666,-21.118122792959525,-4.60537722939813,-27.39462277060187,91.11812279295953,3826614.9948344566,28341.718158600677,9.60537722939813,9.60537722939813,0.15701391143961554
15.919999994754125,11.470104988196432,14.174069174712246,-21.119372771857513,-4.605377226508153,-27.394622773491847,91.11937277185751,3826614.9959628973,28341.718166958442,9.605377226508153,9.605377226508153,0.15701555913347798
15.91999994754282,11.470188032153203,14.174069139173026,-21.119408891207797,-4.605377396289271,-27.39462260371073,91.1194088912078,3826614.929669008,28341.717675954584,9.60537739628927,9.60537739628927,0.15701560629348388
15.91999999568883,11.468264697968753,14.174069087553253,-21.118577215508537,-4.605377223146661,-27.39462277685334,91.11857721550854,3826614.997275452,28341.718176679842,9.605377223146661,9.605377223146661,0.15701451076880082
15.91999999660029,11.467957573474457,14.174069064028703,-21.11844444259748,-4.605377219869013,-27.394622780130987,91.11844444259748,3826614.998555259,28341.718186158694,9.605377219869013,9.605377219869013,0.15701433570583231
15.919999993770801,11.46779984721158,14.174069048285803,-21.118376271373734,-4.605377230044098,-27.3946227699559,91.11837627137373,3826614.9945822316,28341.71815673258,9.605377230044098,9.605377230044098,0.15701424578066614
15.919999997959243,11.46982548912624,14.174069170218837,-21.119251930106657,-4.605377214981843,-27.394622785018157,91.11925193010666,3826615.0004635365,28341.7182002923,9.605377214981843,9.605377214981843,0.15701539998714786
15.919999999438861,11.472764274788318,14.174069131793996,-21.120522357845573,-4.60537720966073,-27.39462279033927,91.12052235784557,3826615.002541256,28341.718215680874,9.60537720966073,9.60537720966073,0.1570170721841632
15.919999995759444,11.469793986823724,14.174069167552915,-21.11923832196817,-4.605377222892571,-27.39462277710743,91.11923832196817,3826614.9973746645,28341.718177414656,9.605377222892571,9.605377222892571,0.1570153820415761
15.919999993180438,11.471204555457781,14.17406917907896,-21.119848120482573,-4.605377232167143,-27.394622767832857,91.11984812048257,3826614.9937532498,28341.718150592747,9.605377232167143,9.605377232167143,0.15701618501449513
15.919999995124432,11.472959112283984,14.17406911691502,-21.12060660632153,-4.605377225176255,-27.394622774823745,91.12060660632153,3826614.9964829646,28341.718170810305,9.605377225176255,9.605377225176255,0.15701718294065842
15.91999999741816,11.469664071782677,14.17406916470698,-21.11918215229383,-4.605377216927707,-27.394622783072293,91.11918215229383,3826614.999703742,28341.718194664903,9.605377216927707,9.605377216927707,0.15701530805890193
15.919999992903424,11.47171357070905,14.174069169577274,-21.120068168730256,-4.605377233163551,-27.39462276683645,91.12006816873026,3826614.993364188,28341.718147711174,9.605377233163551,9.605377233163551,0.15701647462121665
15.919999991052064,11.476458659419137,14.174068720103755,-21.122119488771432,-4.605377239821223,-27.394622760178777,91.12211948877143,3826614.990764589,28341.718128457316,9.605377239821223,9.605377239821223,0.15701917042903848
15.919999998195301,11.47325576631123,14.174069099740452,-21.12073483587335,-4.605377214133,-27.394622785867,91.12073483587335,3826615.000794986,28341.71820274717,9.605377214133,9.605377214133,0.15701735157741192
15.91999999505613,11.470905536509463,14.174069182504516,-21.119718846185265,-4.605377225422046,-27.394622774577954,91.11971884618526,3826614.996386992,28341.718170099488,9.605377225422046,9.605377225422046,0.15701601485249073
15.919999999616975,11.469411617780999,14.174069156968764,-21.11907300686312,-4.605377209020446,-27.394622790979554,91.11907300686312,3826615.0027912734,28341.718217532623,9.605377209020446,9.605377209020446,0.1570151642760899
15.919999915465056,11.468953743506987,14.17406906878692,-21.118875460625418,-4.605377511646964,-27.394622488353036,91.11887546062542,3826614.8846256533,28341.71734234222,9.605377511646964,9.605377511646964,0.1570149032174053
15.919999957073292,11.47088456803014,14.174069152625622,-21.11970995822054,-4.605377362015588,-27.394622637984412,91.11970995822054,3826614.943051736,28341.717775073386,9.605377362015588,9.605377362015588,0.15701600281980205
15.919999999888311,11.469103451641953,14.174069143114206,-21.118939786269607,-4.605377208044558,-27.39462279195544,91.1189397862696,3826615.003172319,28341.718220354825,9.605377208044558,9.605377208044558,0.1570149887293674
15.91999999631198,11.47075445828473,14.17406918349188,-21.11965352942252,-4.6053772209054955,-27.394622779094504,91.11965352942252,3826614.998150547,28341.71818316121,9.605377220905496,9.605377220905496,0.15701592886882806
15.919999999970548,11.470191179088669,14.174069180528063,-21.11941000774317,-4.605377207748802,-27.394622792251198,91.11941000774317,3826615.0032878066,28341.71822121018,9.605377207748802,9.605377207748802,0.15701560822159868
15.919999994294153,11.471299069369593,14.174069178800824,-21.119888973583613,-4.6053772281620695,-27.39462277183793,91.11988897358361,3826614.995317097,28341.71816217534,9.60537722816207,9.60537722816207,0.15701623879786686
15.91999999905298,11.471845265120283,14.17406917079552,-21.120125071577434,-4.605377211048676,-27.394622788951324,91.12012507157743,3826615.001999313,28341.718211666986,9.605377211048676,9.605377211048676,0.15701654955225697
15.91999999583376,11.46958341125535,14.174069160633854,-21.119147290320257,-4.605377222625691,-27.39462277737431,91.11914729032026,3826614.997478873,28341.718178186475,9.605377222625691,9.605377222625691,0.1570152621156902
15.919999992891633,11.471022565543816,14.174069180345846,-21.119769447776264,-4.605377233206013,-27.394622766793987,91.11976944777626,3826614.993347605,28341.718147588355,9.605377233206013,9.605377233206013,0.15701608144956672
15.919999999151413,11.470817376990773,14.174069185809742,-21.119680715885124,-4.605377210694655,-27.394622789305345,91.11968071588512,3826615.0021375436,28341.71821269079,9.605377210694655,9.605377210694655,0.15701596468758827
15.91999999741502,11.470838162029551,14.174069184443812,-21.11968970931042,-4.605377216938848,-27.394622783061152,91.11968970931042,3826614.999699393,28341.718194632693,9.605377216938848,9.605377216938848,0.1570159765129969
15.919999996802828,11.471468314624325,14.174069178059804,-21.11996212651667,-4.6053772191404505,-27.39462278085955,91.11996212651667,3826614.9988397383,28341.718188265684,9.60537721914045,9.60537721914045,0.15701633510157476
15.919999999725809,11.470208563037666,14.174069180653118,-21.119417523927552,-4.605377208628738,-27.394622791371262,91.11941752392755,3826615.0029442213,28341.718218665425,9.605377208628738,9.605377208628738,0.1570156181185811
15.919999994036194,11.471349626493812,14.174069177873019,-21.11991083058831,-4.605377229089754,-27.394622770910246,91.11991083058831,3826614.994954864,28341.71815949247,9.605377229089754,9.605377229089754,0.1570162675641413
15.645657192502632,13.086078233157075,13.9255449136456,-23.08299499014987,-5.598424572832187,-26.401575427167813,93.08299499014987,3474542.8837853973,25734.105802425383,10.598424572832187,10.598424572832187,0.1568455268222002
15.919999973676576,11.472055768878334,14.1740691439665,-21.12021619036443,-4.605377302307318,-27.394622697692682,91.12021619036443,3826614.9663658347,28341.717947748617,9.605377302307318,9.605377302307318,0.15701666922101087
15.919999999060195,11.472644797469755,14.17406913799084,-21.120470709489894,-4.605377211022528,-27.394622788977472,91.1204707094899,3826615.002009526,28341.718211742627,9.605377211022528,9.605377211022528,0.15701700425279438
15.919999999899757,11.4704085111755,14.174069183818368,-21.11950396033319,-4.605377208003517,-27.394622791996483,91.11950396033319,3826615.0031883414,28341.718220473493,9.605377208003517,9.605377208003517,0.15701573195346247
15.9199999993243,11.47162227062191,14.174069176853061,-21.120028669874046,-4.605377210073016,-27.394622789926984,91.12002866987405,3826615.0023802808,28341.718214488614,9.605377210073016,9.605377210073016,0.15701642269817964
15.919999987870511,11.469668748305374,14.174069157344611,-21.119184218354803,-4.60537725126278,-27.39462274873722,91.1191842183548,3826614.9862970402,28341.71809536854,9.60537725126278,9.60537725126278,0.1570153106974523
15.919999974268746,11.469352286714155,14.174069134507826,-21.119047476120045,-4.605377300177281,-27.39462269982272,91.11904747612004,3826614.967197552,28341.717953908705,9.605377300177281,9.605377300177281,0.15701513041442441
15.919999962857467,11.47290823858362,14.174069094602821,-21.120584763669683,-4.605377341214989,-27.39462265878501,91.12058476366968,3826614.9511736794,28341.717835228337,9.60537734121499,9.60537734121499,0.15701715393549975
15.919999999739673,11.470287234092854,14.174069181994005,-21.1194515332121,-4.6053772085792275,-27.394622791420773,91.1194515332121,3826615.0029635495,28341.71821880858,9.605377208579227,9.605377208579227,0.15701566290911237
15.919999997075784,11.470469358198077,14.174069182285548,-21.11953027753475,-4.605377218158992,-27.394622781841008,91.11953027753475,3826614.9992229682,28341.718191104068,9.605377218158992,9.605377218158992,0.15701576658502428
15.91999999608269,11.470104988196432,14.174069175758673,-21.119372765676474,-4.60537722173018,-27.39462277826982,91.11937276567647,3826614.997828542,28341.718180776286,9.60537722173018,9.60537722173018,0.15701555913693338
15.919999997494982,11.008992774386108,14.170838444273592,-20.920142735007232,-4.605377216651391,-27.39462278334861,90.92014273500723,3826614.999811641,28341.718195464055,9.60537721665139,9.60537721665139,0.1567179728262459
15.91999999568883,11.470285792390037,14.174069178780476,-21.119450928808874,-4.605377223146661,-27.39462277685334,91.11945092880887,3826614.997275452,28341.718176679842,9.605377223146661,9.605377223146661,0.1570156620777749
15.91999999660029,11.471892312811256,14.174069167445838,-21.120145421689415,-4.605377219869013,-27.394622780130987,91.12014542168941,3826614.998555259,28341.718186158694,9.605377219869013,9.605377219869013,0.15701657630786447
15.919999999866727,11.471637559879053,14.174069176925906,-21.12003527688887,-4.605377208122036,-27.394622791877964,91.12003527688887,3826615.003142063,28341.718220130733,9.605377208122036,9.605377208122036,0.15701643139768698
15.919999998118534,11.46982548912624,14.174069170344449,-21.11925192936627,-4.605377214408975,-27.394622785591025,91.11925192936627,3826615.00068723,28341.71820194908,9.605377214408975,9.605377214408975,0.1570153999875638
15.919999999438861,11.470188859736034,14.174069180065908,-21.11940900756707,-4.60537720966073,-27.39462279033927,91.11940900756707,3826615.002541256,28341.718215680874,9.60537720966073,9.60537720966073,0.15701560689967223
15.91999999824711,11.471636950106127,14.174069175664465,-21.120035020821888,-4.60537721394644,-27.39462278605356,91.12003502082189,3826615.0008678306,28341.718203286695,9.60537721394644,9.60537721394644,0.15701643104657348
15.91999999883406,11.471716526410319,14.174069174172805,-21.120069418891774,-4.60537721183573,-27.39462278816427,91.12006941889177,3826615.001691991,28341.718209390816,9.60537721183573,9.60537721183573,0.15701647631806925
15.919999989308264,11.470954317994515,14.174069177836381,-21.119739961098617,-4.6053772460924165,-27.394622753907584,91.11973996109862,3826614.9883158957,28341.718110321133,9.605377246092416,9.605377246092416,0.15701604260022764
15.91999999741816,11.469677667043758,14.174069165164937,-21.119188029489464,-4.605377216927707,-27.394622783072293,91.11918802948946,3826614.999703742,28341.718194664903,9.605377216927707,9.605377216927707,0.15701531580169603
15.919999992903424,11.471069660875948,14.174069180060743,-21.119789806974723,-4.605377233163551,-27.39462276683645,91.11978980697472,3826614.993364188,28341.718147711174,9.605377233163551,9.605377233163551,0.15701610825092965
15.91999999892743,11.470839594879127,14.17406918563467,-21.119690321695202,-4.60537721150007,-27.39462278849993,91.1196903216952,3826615.0018230616,28341.71821036159,9.60537721150007,9.60537721150007,0.15701597733244044
15.919999998195301,11.471705879912587,14.174069173942076,-21.120064819388517,-4.605377214133,-27.394622785867,91.12006481938852,3826615.000794986,28341.71820274717,9.605377214133,9.605377214133,0.15701647025986754
15.919999999224357,11.470905536509463,14.174069185787886,-21.119718826795065,-4.605377210432039,-27.39462278956796,91.11971882679507,3826615.002240084,28341.71821345025,9.605377210432039,9.605377210432039,0.15701601486333494
15.919999998641444,11.469411617780999,14.174069156200055,-21.11907301139712,-4.605377212528481,-27.39462278747152,91.11907301139712,3826615.0014215023,28341.71820738745,9.60537721252848,9.60537721252848,0.1570151642735485
15.919999915465056,11.470466186423426,14.174069117968918,-21.119529286012153,-4.605377511646964,-27.394622488353036,91.11952928601215,3826614.8846256533,28341.71734234222,9.605377511646964,9.605377511646964,0.15701576456713404
15.825581283920098,12.544586430596233,14.084492135368484,-22.021636930956106,-4.9456851846604195,-27.05431481533958,92.0216369309561,3698195.9471415663,27390.5860324733,9.94568518466042,9.94568518466042,0.15721276490292735
15.919999999026537,11.469103451641953,14.174069142435503,-21.118939790275135,-4.605377211143718,-27.39462278885628,91.11893979027514,3826615.0019622045,28341.718211392144,9.605377211143718,9.605377211143718,0.1570149887271268
15.919999999714546,11.47075445828473,14.174069186171991,-21.119653513590947,-4.605377208669438,-27.394622791330562,91.11965351359095,3826615.00292833,28341.71821854773,9.605377208669438,9.605377208669438,0.15701592887767918
15.919999999970548,11.470605384839534,14.174069185722338,-21.119589068170114,-4.605377207748802,-27.394622792251198,91.11958906817011,3826615.0032878066,28341.71822121018,9.605377207748802,9.605377207748802,0.15701584402537572
15.919999998328002,11.471299069369593,14.174069181978046,-21.11988895481852,-4.605377213655686,-27.394622786344314,91.11988895481852,3826615.0009813625,28341.718204127566,9.605377213655686,9.605377213655686,0.15701623880835905
15.91999999905298,11.470839863566276,14.17406918573346,-21.119690437262648,-4.605377211048676,-27.394622788951324,91.11969043726265,3826615.001999313,28341.718211666986,9.605377211048676,9.605377211048676,0.15701597748569013
15.919999999571193,11.46958341125535,14.17406916357812,-21.119147272936516,-4.605377209184837,-27.394622790815163,91.11914727293652,3826615.002727084,28341.7182170572,9.605377209184837,9.605377209184837,0.15701526212541578
15.919999999434554,11.471022565543816,14.174069185499631,-21.119769417337864,-4.605377209676362,-27.394622790323638,91.11976941733786,3826615.0025351504,28341.71821563565,9.605377209676362,9.605377209676362,0.1570160814665873
15.919999999151413,11.469920908152378,14.174069173808894,-21.119293173988638,-4.605377210694655,-27.394622789305345,91.11929317398864,3826615.0021375436,28341.71821269079,9.605377210694655,9.605377210694655,0.15701545432731542
15.91999999741502,11.471964508056566,14.174069165788195,-21.120176627890544,-4.605377216938848,-27.394622783061152,91.12017662789054,3826614.999699393,28341.718194632693,9.605377216938848,9.605377216938848,0.1570166173752251
15.919999996802828,11.469422266076371,14.174069155188633,-21.119077623180885,-4.6053772191404505,-27.39462278085955,91.11907762318089,3826614.9988397383,28341.718188265684,9.60537721914045,9.60537721914045,0.15701517033405094
15.919999999725809,11.471227163548448,14.174069183981423,-21.119857863489983,-4.605377208628738,-27.394622791371262,91.11985786348998,3826615.0029442213,28341.718218665425,9.605377208628738,9.605377208628738,0.1570161978962699
15.919999998742478,11.471349626493812,14.174069181580068,-21.11991080869643,-4.605377212165308,-27.39462278783469,91.11991080869643,3826615.001563303,28341.71820843769,9.605377212165308,9.605377212165308,0.15701626757638387
15.919999995756358,11.46815085343895,14.174069078939803,-21.11852800065168,-4.605377222903883,-27.394622777096117,91.11852800065168,3826614.9973702496,28341.718177381958,9.605377222903883,9.605377222903883,0.15701444587945082
15.91999999732213,11.470643509211126,14.174069183864125,-21.119605561599087,-4.6053772172730305,-27.39462278272697,91.11960556159909,3826614.999568904,28341.71819366623,9.60537721727303,9.60537721727303,0.15701586571963957
15.919999999060195,11.471293199051338,14.174069182634002,-21.119886413678557,-4.605377211022528,-27.394622788977472,91.11988641367856,3826615.002009526,28341.718211742627,9.605377211022528,9.605377211022528,0.15701623547000584
15.9199999993831,11.4704085111755,14.174069183411419,-21.11950396273562,-4.605377209861274,-27.394622790138726,91.11950396273562,3826615.002462954,28341.718215100933,9.605377209861274,9.605377209861274,0.15701573195211854
15.919999999817176,11.4701745921462,14.174069180095277,-21.11940283795178,-4.605377208300126,-27.394622791699874,91.11940283795178,3826615.003072525,28341.7182196157,9.605377208300126,9.605377208300126,0.15701559877726293
15.919999998591654,11.469668748305374,14.174069165789401,-21.11918416848465,-4.6053772127075945,-27.394622787292406,91.11918416848465,3826615.0013515577,28341.718206869406,9.605377212707594,9.605377212707594,0.1570153107253414
15.919999996226402,11.472046254924386,14.17406916206566,-21.120211972584514,-4.605377221213416,-27.394622778786584,91.12021197258451,3826614.998030316,28341.71818227072,9.605377221213416,9.605377221213416,0.1570166638684266
15.919999974622678,11.47290823858362,14.174069103870064,-21.120584708941067,-4.605377298904614,-27.394622701095386,91.12058470894107,3826614.9676944786,28341.717957589182,9.605377298904614,9.605377298904614,0.1570171539661041
15.919999999739673,11.470541192171016,14.174069185061462,-21.119561318850856,-4.6053772085792275,-27.394622791420773,91.11956131885086,3826615.0029635495,28341.71821880858,9.605377208579227,9.605377208579227,0.1570158074839888
15.919999987884372,11.470469358198077,14.174069175045624,-21.119530320291688,-4.605377251212872,-27.39462274878713,91.11953032029169,3826614.9863165217,28341.718095512828,9.605377251212872,9.605377251212872,0.1570157665611149
15.919999998014978,11.471402083852858,14.174069180176772,-21.119933489358004,-4.605377214781413,-27.394622785218587,91.119933489358,3826615.0005418053,28341.718200871997,9.605377214781413,9.605377214781413,0.15701629742181397
15.919999999548628,11.470188032153203,14.174069180136982,-21.11940864929187,-4.60537720926601,-27.39462279073399,91.11940864929187,3826615.0026953896,28341.71821682246,9.60537720926601,9.60537720926601,0.1570156064287672
15.91999999568883,11.471109250287864,14.174069181957416,-21.11980690848094,-4.605377223146661,-27.39462277685334,91.11980690848094,3826614.997275452,28341.718176679842,9.605377223146661,9.605377223146661,0.15701613078744503
15.91999998627027,11.471892312811256,14.174069159309258,-21.12014546974433,-4.605377257017665,-27.394622742982335,91.12014546974433,3826614.9840499437,28341.71807872548,9.605377257017665,9.605377257017665,0.15701657628099433
15.919999999866727,11.470414930175203,14.174069183870587,-21.11950673540923,-4.605377208122036,-27.394622791877964,91.11950673540923,3826615.003142063,28341.718220130733,9.605377208122036,9.605377208122036,0.15701573560763232
15.919999998118534,11.470765589570153,14.174069184937075,-21.11965833306016,-4.605377214408975,-27.394622785591025,91.11965833306016,3826615.00068723,28341.71820194908,9.605377214408975,9.605377214408975,0.1570159352091953
15.919999998995749,11.470188859736034,14.174069179716776,-21.11940900962287,-4.605377211254506,-27.394622788745494,91.11940900962287,3826615.0019189464,28341.718211071755,9.605377211254506,9.605377211254506,0.15701560689851926
15.91999999824711,11.471685448609357,14.174069174495166,-21.12005598669998,-4.60537721394644,-27.39462278605356,91.12005598669998,3826615.0008678306,28341.718203286695,9.60537721394644,9.60537721394644,0.15701645863700311
15.919999993180438,11.470717402921856,14.174069180923198,-21.119637525008045,-4.605377232167143,-27.394622767832857,91.11963752500805,3826614.9937532498,28341.718150592747,9.605377232167143,9.605377232167143,0.15701590776933125
15.919999999627981,11.470954317994515,14.174069185965234,-21.11973991309435,-4.605377208980599,-27.3946227910194,91.11973991309435,3826615.002806824,28341.718217647798,9.605377208980599,9.605377208980599,0.15701604262707444
15.919999998413484,11.47037887020392,14.174069182272698,-21.119491153506488,-4.605377213348106,-27.394622786651894,91.11949115350649,3826615.0011014626,28341.718205017085,9.605377213348106,9.605377213348106,0.1570157150752098
15.919999999824954,11.471069660875948,14.174069185512527,-21.11978977477696,-4.605377208272273,-27.394622791727727,91.11978977477696,3826615.0030834074,28341.718219696304,9.605377208272273,9.605377208272273,0.15701610826893334
15.91999999892743,11.471583662832082,14.174069177405693,-21.12001198159453,-4.60537721150007,-27.39462278849993,91.12001198159453,3826615.0018230616,28341.71821036159,9.60537721150007,9.60537721150007,0.15701640073275536
15.919999998195301,11.471094067529613,14.174069184050932,-21.11980033333333,-4.605377214133,-27.394622785867,91.11980033333333,3826615.000794986,28341.71820274717,9.605377214133,9.605377214133,0.15701612215392277
15.919999994807014,11.470905536509463,14.174069182308678,-21.119718847344473,-4.605377226317955,-27.394622773682045,91.11971884734447,3826614.9960371694,28341.718167508534,9.605377226317955,9.605377226317955,0.1570160148518465
15.919999999761831,10.160256603153979,14.145768799190298,-20.55399289650876,-4.605377208499533,-27.394622791500467,90.55399289650876,3826615.0029946724,28341.71821903909,9.605377208499533,9.605377208499533,0.15596273319651008
15.919999999782867,11.470466186423426,14.174069184384232,-21.119528893786196,-4.605377208423874,-27.394622791576126,91.1195288937862,3826615.003024214,28341.718219257888,9.605377208423874,9.605377208423874,0.1570157647864703
15.91999999999791,11.47088456803014,14.174069186436641,-21.119709758546207,-4.605377207650406,-27.394622792349594,91.11970975854621,3826615.003326222,28341.7182214947,9.605377207650406,9.605377207650406,0.1570160029314638
15.91999999978904,12.059339169556708,14.169301215526259,-21.374274928623663,-4.605377208401592,-27.394622791598408,91.37427492862366,3826615.003032912,28341.718219322313,9.605377208401592,9.605377208401592,0.15729895354615542
15.919999999766498,11.47075445828473,14.17406918621313,-21.119653513355274,-4.605377208482764,-27.394622791517236,91.11965351335527,3826615.0030012177,28341.71821908757,9.605377208482764,9.605377208482764,0.15701592887781668
15.919999999855463,11.470605384839534,14.174069185631572,-21.11958906870467,-4.605377208162736,-27.394622791837264,91.11958906870467,3826615.003126172,28341.718220013037,9.605377208162736,9.605377208162736,0.15701584402507518
15.919999999827251,11.471299069369593,14.174069183158771,-21.119888947848153,-4.605377208263974,-27.394622791736026,91.11988894784815,3826615.003086647,28341.718219720296,9.605377208263974,9.605377208263974,0.15701623881225732
15.91999999905298,11.471429037383409,14.174069180536916,-21.119945136521892,-4.605377211048676,-27.394622788951324,91.11994513652189,3826615.001999313,28341.718211666986,9.605377211048676,9.605377211048676,0.15701631276026698
15.919999999571193,11.46984668540101,14.174069172100578,-21.119261085708047,-4.605377209184837,-27.394622790815163,91.11926108570805,3826615.002727084,28341.7182170572,9.605377209184837,9.605377209184837,0.15701541206196726
15.919999999434554,11.470294263008817,14.174069181863745,-21.119454573217354,-4.605377209676362,-27.394622790323638,91.11945457321735,3826615.0025351504,28341.71821563565,9.605377209676362,9.605377209676362,0.15701566691005878
15.91999999783953,11.470817376990773,14.174069184776322,-21.119680721988573,-4.605377215412204,-27.394622784587796,91.11968072198857,3826615.0002955,28341.718199047744,9.605377215412204,9.605377215412204,0.15701596468417467
15.919999958283073,11.470838162029551,14.174069153619845,-21.119689891339704,-4.605377357665134,-27.394622642334866,91.1196898913397,3826614.9447504417,28341.71778765481,9.605377357665134,9.605377357665134,0.1570159764111972
15.919999999955898,11.471468314624325,14.174069180543343,-21.119962111845723,-4.605377207801496,-27.394622792198504,91.11996211184572,3826615.003267226,28341.71822105775,9.605377207801496,9.605377207801496,0.15701633510977622
15.919999999725809,11.470735396098938,14.174069186133332,-21.119645272985224,-4.605377208628738,-27.394622791371262,91.11964527298522,3826615.0029442213,28341.718218665425,9.605377208628738,9.605377208628738,0.1570159180278543
15.9199999996681,11.471349626493812,14.174069182309223,-21.119910804388496,-4.605377208836501,-27.3946227911635,91.1199108043885,3826615.002863096,28341.718218064572,9.6053772088365,9.6053772088365,0.15701626757879272
15.919999998972743,11.46815085343895,14.174069081473004,-21.118527985692708,-4.605377211337327,-27.394622788662673,91.11852798569271,3826615.001886604,28341.71821083221,9.605377211337327,9.605377211337327,0.15701444588781494
15.91999999958438,11.470643509211126,14.174069185646143,-21.11960555107305,-4.60537720913743,-27.39462279086257,91.11960555107305,3826615.002745589,28341.71821719426,9.60537720913743,9.60537720913743,0.1570158657255248
15.919999996392288,11.470697096727037,14.17406918338085,-21.119628731730074,-4.6053772206169015,-27.3946227793831,91.11962873173007,3826614.9982632343,28341.718183995825,9.605377220616901,9.605377220616901,0.15701589621952933
15.91999999967343,11.4704085111755,14.17406918364024,-21.119503961384737,-4.605377208817231,-27.39462279118277,91.11950396138474,3826615.0028706193,28341.718218120295,9.605377208817231,9.605377208817231,0.15701573195287488
15.919999999817176,11.470697096727037,14.174069186078645,-21.1196287157955,-4.605377208300126,-27.394622791699874,91.1196287157955,3826615.003072525,28341.7182196157,9.605377208300126,9.605377208300126,0.15701589622843892
15.919999999161636,10.429085956865265,14.156671407181545,-20.669889739384587,-4.605377210657764,-27.394622789342236,90.66988973938459,3826615.002151953,28341.71821279751,9.605377210657764,9.605377210657764,0.15623403195179175
15.919999999644087,12.08735717884603,14.168849132683862,-21.386404372781726,-4.605377208922846,-27.394622791077154,91.38640437278173,3826615.0028293813,28341.71821781487,9.605377208922846,9.605377208922846,0.15730996924169438
15.9199999991128,11.471238084496193,14.17406918337119,-21.1198625874585,-4.605377210833353,-27.394622789166647,91.1198625874585,3826615.002083392,28341.718212289717,9.605377210833353,9.605377210833353,0.15701620410899994
15.919999999092951,11.470541192171016,14.174069184552302,-21.119561321857987,-4.605377210904749,-27.39462278909525,91.11956132185799,3826615.0020555076,28341.718212083193,9.605377210904749,9.605377210904749,0.15701580748230906
15.919999999263013,11.231592631422792,14.17322026602014,-21.01629324533684,-4.605377210293284,-27.394622789706716,91.01629324533684,3826615.002294269,28341.71821385157,9.605377210293284,9.605377210293284,0.15687057062817797
15.919999999966848,11.471402083852858,14.174069181714142,-21.119933480281077,-4.605377207762217,-27.394622792237783,91.11993348028108,3826615.0032825675,28341.718221171377,9.605377207762217,9.605377207762217,0.15701629742689122
15.919999999548628,11.4715111795884,14.174069179402556,-21.119980644238808,-4.60537720926601,-27.39462279073399,91.11998064423881,3826615.0026953896,28341.71821682246,9.60537720926601,9.60537720926601,0.15701635949659296
15.919999999718154,11.471109250287864,14.174069185131104,-21.11980688973813,-4.605377208656478,-27.394622791343522,91.11980688973813,3826615.0029333825,28341.718218585145,9.605377208656478,9.605377208656478,0.15701613079792553
15.91999999660029,11.470722998931713,14.174069183635325,-21.11963992824724,-4.605377219869013,-27.394622780130987,91.11963992824724,3826614.998555259,28341.718186158694,9.605377219869013,9.605377219869013,0.15701591096342335
15.919999999866727,11.470702951043101,14.174069186139928,-21.119631246376798,-4.605377208122036,-27.394622791877964,91.1196312463768,3826615.003142063,28341.718220130733,9.605377208122036,9.605377208122036,0.1570158995608223
15.919999999675795,11.470765589570153,14.174069186164207,-21.11965832581342,-4.605377208808875,-27.394622791191125,91.11965832581342,3826615.002873881,28341.71821814445,9.605377208808875,9.605377208808875,0.15701593521325174
15.919999998302561,11.470188859736034,14.17406917917081,-21.11940901285294,-4.60537721374709,-27.39462278625291,91.11940901285294,3826615.0009456705,28341.718203863216,9.60537721374709,9.60537721374709,0.15701560689671668
15.919999999420416,11.471636950106127,14.174069176588363,-21.120035015362134,-4.605377209727351,-27.39462279027265,91.12003501536213,3826615.0025152504,28341.718215488265,9.60537720972735,9.60537720972735,0.15701643104962265
15.91999999923606,11.470717402921856,14.17406918569342,-21.11963749683946,-4.605377210390145,-27.394622789609855,91.11963749683946,3826615.002256447,28341.718213571443,9.605377210390145,9.605377210390145,0.15701590778508653
15.919999999627981,11.469155071757303,14.174069145457931,-21.118962102697196,-4.605377208980599,-27.3946227910194,91.1189621026972,3826615.002806824,28341.718217647798,9.605377208980599,9.605377208980599,0.15701501813628002
15.919999998652244,11.47037887020392,14.174069182460105,-21.11949115239696,-4.6053772124896,-27.3946227875104,91.11949115239696,3826615.001436679,28341.718207499856,9.6053772124896,9.6053772124896,0.15701571507582388
15.919999999824954,11.470790744514431,14.17406918631976,-21.1196691995699,-4.605377208272273,-27.394622791727727,91.1196691995699,3826615.0030834074,28341.718219696304,9.605377208272273,9.605377208272273,0.15701594953111325
15.919999999929473,11.470839594879127,14.17406918642369,-21.119690317029665,-4.605377207896424,-27.394622792103576,91.11969031702967,3826615.003230161,28341.71822078323,9.605377207896424,9.605377207896424,0.1570159773350442
15.919999998195301,11.471056195510993,14.174069184319762,-21.1197839612974,-4.605377214133,-27.394622785867,91.1197839612974,3826615.000794986,28341.71820274717,9.605377214133,9.605377214133,0.1570161006018056
15.919999999999707,11.470905536509463,14.1740691863986,-21.119718823188805,-4.60537720764404,-27.39462279235596,91.1197188231888,3826615.003328714,28341.71822151316,9.60537720764404,9.60537720764404,0.15701601486535222
15.919999998585922,11.469411617780999,14.174069156156149,-21.119073011657463,-4.605377212728115,-27.394622787271885,91.11907301165746,3826615.001343551,28341.718206810106,9.605377212728115,9.605377212728115,0.15701516427340245
15.919999999782867,11.471199644327527,14.17406918433239,-21.1198459666943,-4.605377208423874,-27.394622791576126,91.1198459666943,3826615.003024214,28341.718219257888,9.605377208423874,9.605377208423874,0.15701618223705152
15.91999999999791,11.470813318954097,14.174069186474778,-21.119678957662302,-4.605377207650406,-27.394622792349594,91.1196789576623,3826615.003326222,28341.7182214947,9.605377207650406,9.605377207650406,0.15701596238011983
15.919999999888311,11.471206415700088,14.174069184342056,-21.119848893460585,-4.605377208044558,-27.39462279195544,91.11984889346058,3826615.003172319,28341.718220354825,9.605377208044558,9.605377208044558,0.15701618609048695
15.919999999766498,11.470277542180312,14.174069181860594,-21.11944734328995,-4.605377208482764,-27.394622791517236,91.11944734328995,3826615.0030012177,28341.71821908757,9.605377208482764,9.605377208482764,0.15701565739130086
15.919999999970548,11.96469656873985,14.170683601141656,-21.333308615440444,-4.605377207748802,-27.394622792251198,91.33330861544044,3826615.0032878066,28341.71822121018,9.605377207748802,9.605377207748802,0.15726016226080852
15.919999999827251,11.47063171911703,14.17406918577142,-21.119600453104113,-4.605377208263974,-27.394622791736026,91.11960045310411,3826615.003086647,28341.718219720296,9.605377208263974,9.605377208263974,0.15701585901504841
15.91999999905298,11.470857774272183,14.174069185723758,-21.119698180035243,-4.605377211048676,-27.394622788951324,91.11969818003524,3826615.001999313,28341.718211666986,9.605377211048676,9.605377211048676,0.15701598767955013
15.919999999762119,11.46984668540101,14.1740691722506,-21.11926108482419,-4.605377208498339,-27.39462279150166,91.11926108482419,3826615.0029951343,28341.718219042512,9.60537720849834,9.60537720849834,0.15701541206246017
15.919999999434554,11.471185554351418,14.174069184205807,-21.119839877227093,-4.605377209676362,-27.394622790323638,91.1198398772271,3826615.0025351504,28341.71821563565,9.605377209676362,9.605377209676362,0.15701617421837621
15.919999999151413,11.471168597088564,14.174069184153597,-21.11983254793813,-4.605377210694655,-27.394622789305345,91.11983254793813,3826615.0021375436,28341.71821269079,9.605377210694655,9.605377210694655,0.15701616456818993
15.91999999937613,11.470838162029551,14.174069185988579,-21.11968970018677,-4.605377209886399,-27.3946227901136,91.11968970018677,3826615.002453147,28341.718215028297,9.605377209886399,9.605377209886399,0.157015976518099
15.919999999998378,11.471468314624325,14.17406918057714,-21.11996211164717,-4.605377207648758,-27.394622792351242,91.11996211164717,3826615.0033268696,28341.718221499497,9.605377207648758,9.605377207648758,0.15701633510988974
15.919999999725809,11.470596203113082,14.17406918546852,-21.119585100062807,-4.605377208628738,-27.394622791371262,91.1195851000628,3826615.0029442213,28341.718218665425,9.605377208628738,9.605377208628738,0.15701583879824926
15.9199999996681,11.470685457565182,14.1740691859139,-21.119623684897476,-4.605377208836501,-27.3946227911635,91.11962368489748,3826615.002863096,28341.718218064572,9.6053772088365,9.6053772088365,0.15701588960305093
15.919999998972743,11.4709184408215,14.174069185559258,-21.119724406483442,-4.605377211337327,-27.394622788662673,91.11972440648344,3826615.001886604,28341.71821083221,9.605377211337327,9.605377211337327,0.15701602220690164
15.91999999958438,11.471132841701838,14.1740691848269,-21.119817088902664,-4.60537720913743,-27.39462279086257,91.11981708890266,3826615.002745589,28341.71821719426,9.60537720913743,9.60537720913743,0.15701614422258042
15.919999999060195,11.472217829806048,14.174069157819035,-21.12028613122959,-4.605377211022528,-27.394622788977472,91.12028613122959,3826615.002009526,28341.718211742627,9.605377211022528,9.605377211022528,0.1570167614579428
15.919999999899757,11.471512323235117,14.174069179656936,-21.11998113700048,-4.605377208003517,-27.394622791996483,91.11998113700048,3826615.0031883414,28341.718220473493,9.605377208003517,9.605377208003517,0.1570163601481767
15.919999999817176,11.401219168486357,14.173998434046144,-21.08959596222286,-4.605377208300126,-27.394622791699874,91.08959596222286,3826615.003072525,28341.7182196157,9.605377208300126,9.605377208300126,0.15697558232918357
15.91999999990573,11.469668748305374,14.174069166824436,-21.11918416236921,-4.60537720798186,-27.39462279201814,91.11918416236921,3826615.003196798,28341.718220536128,9.60537720798186,9.60537720798186,0.15701531072875957
15.919999996226402,11.470796462654722,14.174069183491392,-21.119671688251913,-4.605377221213416,-27.394622778786584,91.11967168825191,3826614.998030316,28341.71818227072,9.605377221213416,9.605377221213416,0.1570159527763264
15.9199999991128,11.471322724795492,14.17406918226654,-21.11989917738805,-4.605377210833353,-27.394622789166647,91.11989917738805,3826615.002083392,28341.718212289717,9.605377210833353,9.605377210833353,0.15701625227041238
15.919999999998314,11.470541192171016,14.174069185265179,-21.119561317648277,-4.605377207648928,-27.394622792351072,91.11956131764828,3826615.0033268034,28341.71822149901,9.605377207648928,9.605377207648928,0.1570158074846613
15.919999999430832,11.470351244133361,14.174069182699938,-21.11947920607355,-4.605377209689834,-27.394622790310166,91.11947920607355,3826615.0025299005,28341.718215596768,9.605377209689834,9.605377209689834,0.15701569935027046
15.919999999966848,11.47096467039545,14.174069186193039,-21.119744386855245,-4.605377207762217,-27.394622792237783,91.11974438685525,3826615.0032825675,28341.718221171377,9.605377207762217,9.605377207762217,0.15701604851965045
15.91999999995598,11.470188032153203,14.174069180457897,-21.11940864739131,-4.605377207801155,-27.394622792198845,91.11940864739131,3826615.0032673576,28341.718221058723,9.605377207801155,9.605377207801155,0.15701560642982737
15.919999999999314,11.471109250287864,14.174069185352455,-21.119806888430787,-4.605377207645461,-27.39462279235454,91.11980688843079,3826615.003328154,28341.71822150901,9.60537720764546,9.60537720764546,0.15701613079865567
15.91999999999841,11.470722998931713,14.174069186311728,-21.119639912438117,-4.605377207648701,-27.3946227923513,91.11963991243812,3826615.0033268915,28341.71822149966,9.6053772076487,9.6053772076487,0.15701591097226064
15.91999999999902,11.470702951043101,14.1740691862439,-21.119631245763344,-4.605377207646427,-27.394622792353573,91.11963124576334,3826615.003327781,28341.718221506246,9.605377207646427,9.605377207646427,0.15701589956116474
15.919999999675795,11.470772226901278,14.174069186175785,-21.119661195125673,-4.605377208808875,-27.394622791191125,91.11966119512567,3826615.002873881,28341.71821814445,9.605377208808875,9.605377208808875,0.15701593899104727
15.612179281067311,11.753012870957335,13.931293102643616,-22.6631186295578,-5.720499592814747,-26.279500407185253,92.6631186295578,3435684.7828980736,25446.304352576455,10.720499592814747,10.720499592814747,0.1563503689151998
15.919999999998344,11.471636950106127,14.174069177043794,-21.120035012672815,-4.605377207648758,-27.394622792351242,91.12003501267282,3826615.0033268696,28341.718221499497,9.605377207648758,9.605377207648758,0.1570164310511295
15.91999999923606,11.470680135122507,14.17406918555086,-21.11962138602388,-4.605377210390145,-27.394622789609855,91.11962138602388,3826615.002256447,28341.718213571443,9.605377210390145,9.605377210390145,0.15701588657238494
15.919999999627981,11.471587447635027,14.174069177874893,-21.120013614502454,-4.605377208980599,-27.3946227910194,91.12001361450245,3826615.002806824,28341.718217647798,9.605377208980599,9.605377208980599,0.15701640288781718
15.91999999999989,11.47037887020392,14.174069183521564,-21.11949114612912,-4.6053772076433575,-27.394622792356643,91.11949114612912,3826615.0033289785,28341.71822151512,9.605377207643357,9.605377207643357,0.1570157150793293
15.919999999824954,11.471868668930515,14.174069170706503,-21.12013518544518,-4.605377208272273,-27.394622791727727,91.12013518544518,3826615.0030834074,28341.718219696304,9.605377208272273,9.605377208272273,0.1570165628670681
15.919999998871369,11.470839594879127,14.174069185590131,-21.11969032195219,-4.605377211701466,-27.394622788298534,91.11969032195219,3826615.0017444193,28341.718209779126,9.605377211701466,9.605377211701466,0.15701597733229003
15.919999998195301,11.47110424307316,14.174069183971683,-21.119804732204727,-4.605377214133,-27.394622785867,91.11980473220473,3826615.000794986,28341.71820274717,9.605377214133,9.605377214133,0.15701612794452013
15.91999999961643,11.470905536509463,14.174069186096677,-21.119718824973063,-4.605377209022265,-27.394622790977735,91.11971882497306,3826615.00279056,28341.718217527337,9.605377209022265,9.605377209022265,0.15701601486435485
15.919999999998144,11.470757816409325,14.174069186402674,-21.11965496398551,-4.605377207649383,-27.394622792350617,91.11965496398551,3826615.0033266274,28341.718221497704,9.605377207649383,9.605377207649383,0.15701593078978907
15.919999999782867,11.470680999450494,14.174069185985289,-21.119621757126993,-4.605377208423874,-27.394622791576126,91.11962175712699,3826615.003024214,28341.718219257888,9.605377208423874,9.605377208423874,0.15701588706578465
15.91999999999981,11.470813318954097,14.174069186476054,-21.119678957656106,-4.605377207643755,-27.394622792356245,91.1196789576561,3826615.0033288244,28341.718221513976,9.605377207643755,9.605377207643755,0.15701596238012253
15.919999999888311,11.470761480463143,14.174069186323608,-21.11965654846341,-4.605377208044558,-27.39462279195544,91.11965654846341,3826615.003172319,28341.718220354825,9.605377208044558,9.605377208044558,0.15701593287499868
15.919999999948615,11.47075445828473,14.17406918635645,-21.11965351250666,-4.605377207827701,-27.3946227921723,91.11965351250666,3826615.0032570013,28341.71822098202,9.6053772078277,9.6053772078277,0.15701592887828852
15.919999999970548,11.470754804436922,14.174069186374389,-21.11965366204379,-4.605377207748802,-27.394622792251198,91.11965366204379,3826615.0032878066,28341.718221208255,9.605377207748802,9.605377207748802,0.15701592907536782
15.919999999827251,11.471105416328133,14.174069185247687,-21.119805231811995,-4.605377208263974,-27.394622791736026,91.119805231812,3826615.003086647,28341.718219720296,9.605377208263974,9.605377208263974,0.15701612861642628
15.919999999951585,11.470839863566276,14.174069186440983,-21.119690433083292,-4.605377207817128,-27.394622792182872,91.11969043308329,3826615.00326112,28341.71822101253,9.605377207817128,9.605377207817128,0.15701597748802448
15.919999999998005,11.46984668540101,14.174069172436527,-21.119261083720858,-4.605377207650065,-27.394622792349935,91.11926108372086,3826615.0033263536,28341.718221495677,9.605377207650065,9.605377207650065,0.15701541206307507
15.919999999998195,11.471022565543816,14.174069185943772,-21.11976941471471,-4.605377207649383,-27.394622792350617,91.11976941471471,3826615.0033266274,28341.718221497704,9.605377207649383,9.605377207649383,0.157016081468055
15.91999999999982,11.470773895982909,14.174069186434147,-21.119661915159895,-4.605377207643187,-27.394622792356813,91.1196619151599,3826615.003329044,28341.718221515606,9.605377207643187,9.605377207643187,0.15701593994188928
15.919999999739566,11.470838162029551,14.174069186274636,-21.11968969849636,-4.605377208579398,-27.394622791420602,91.11968969849636,3826615.002963484,28341.71821880809,9.605377208579398,9.605377208579398,0.15701597651904192
15.919999999539126,11.471468314624325,14.174069180215175,-21.119962113786414,-4.6053772093004,-27.3946227906996,91.11996211378641,3826615.0026819585,28341.71821672298,9.6053772093004,9.6053772093004,0.1570163351086935
15.919999999881501,11.470735396098938,14.174069186256132,-21.11964527226229,-4.605377208068944,-27.394622791931056,91.11964527226229,3826615.0031627975,28341.718220284307,9.605377208068944,9.605377208068944,0.15701591802826165
15.919999999960508,11.470685457565182,14.174069186144537,-21.119623683533405,-4.605377207784898,-27.394622792215102,91.1196236835334,3826615.0032737055,28341.71822110574,9.605377207784898,9.605377207784898,0.15701588960381413
15.919999998972743,11.470488667807338,14.174069183976664,-21.119538616219245,-4.605377211337327,-27.394622788662673,91.11953861621924,3826615.001886604,28341.71821083221,9.605377211337327,9.605377211337327,0.15701577758226193
15.91999999958438,11.471106219049862,14.174069185050152,-21.119805579955596,-4.60537720913743,-27.39462279086257,91.1198055799556,3826615.002745589,28341.71821719426,9.60537720913743,9.60537720913743,0.157016129072599
15.919999999997213,11.211747613552738,14.173071739886959,-21.00771928565206,-4.605377207652907,-27.394622792347093,91.00771928565206,3826615.003325244,28341.71822148746,9.605377207652907,9.605377207652907,0.1568576598679622
15.919999999899757,11.47004196884734,14.174069177380703,-21.119345504786963,-4.605377208003517,-27.394622791996483,91.11934550478696,3826615.0031883414,28341.718220473493,9.605377208003517,9.605377208003517,0.15701552326401833
15.91999999999913,11.470697096727037,14.174069186221821,-21.119628714949954,-4.605377207645802,-27.3946227923542,91.11962871494995,3826615.0033280225,28341.71822150804,9.605377207645802,9.605377207645802,0.15701589622891085
15.919999999999717,11.470861276970219,14.17406918646666,-21.11969968984556,-4.605377207643869,-27.39462279235613,91.11969968984556,3826615.00332878,28341.71822151365,9.605377207643869,9.605377207643869,0.15701598967555958
15.91999999967106,11.470796462654722,14.174069186204443,-21.119671672226616,-4.605377208825871,-27.39462279117413,91.11967167222662,3826615.002867248,28341.718218095324,9.605377208825871,9.605377208825871,0.15701595278528582
15.9199999991128,11.4708960853009,14.174069185719365,-21.119714741567293,-4.605377210833353,-27.394622789166647,91.1197147415673,3826615.002083392,28341.718212289717,9.605377210833353,9.605377210833353,0.15701600948405384
15.919999999922997,11.470541192171016,14.174069185206037,-21.11956131800025,-4.60537720791973,-27.39462279208027,91.11956131800025,3826615.003221057,28341.7182207158,9.60537720791973,9.60537720791973,0.15701580748446725
15.919999999430832,11.470779446162737,14.174069185994286,-21.119664317138984,-4.605377209689834,-27.394622790310166,91.11966431713898,3826615.0025299005,28341.718215596768,9.605377209689834,9.605377209689834,0.15701594309941275
15.919999999966848,11.470955303258954,14.174069186228373,-21.11974033744849,-4.605377207762217,-27.394622792237783,91.11974033744849,3826615.0032825675,28341.718221171377,9.605377207762217,9.605377207762217,0.15701604318868334
15.91999999999975,11.470188032153203,14.17406918049182,-21.119408647193325,-4.60537720764404,-27.39462279235596,91.11940864719332,3826615.003328714,28341.71822151316,9.60537720764404,9.60537720764404,0.1570156064299367
15.919999999999314,11.471257674303061,14.174069183832477,-21.119871051993755,-4.605377207645461,-27.39462279235454,91.11987105199375,3826615.003328154,28341.71822150901,9.60537720764546,9.60537720764546,0.15701621525835965
15.91999999999841,11.471019395734508,14.174069185961502,-21.119768044406726,-4.605377207648701,-27.3946227923513,91.11976804440673,3826615.0033268915,28341.71822149966,9.6053772076487,9.6053772076487,0.15701607966413442
15.91999999999902,11.470704302213377,14.174069186249211,-21.1196318298704,-4.605377207646427,-27.394622792353573,91.1196318298704,3826615.003327781,28341.718221506246,9.605377207646427,9.605377207646427,0.15701590033024757
15.919999999675795,11.471283132130278,14.174069183252673,-21.11988205889361,-4.605377208808875,-27.394622791191125,91.11988205889361,3826615.002873881,28341.71821814445,9.605377208808875,9.605377208808875,0.15701622974342677
15.919999999438861,11.470791618498318,14.174069186016677,-21.119669579186336,-4.60537720966073,-27.39462279033927,91.11966957918634,3826615.002541256,28341.718215680874,9.60537720966073,9.60537720966073,0.15701595002755223
15.91999999999922,11.471636950106127,14.1740691770443,-21.120035012667074,-4.605377207645745,-27.394622792354255,91.12003501266707,3826615.0033280444,28341.7182215082,9.605377207645745,9.605377207645745,0.15701643105112956
15.91999999923606,11.470883818474306,14.17406918583765,-21.119709438062387,-4.605377210390145,-27.394622789609855,91.11970943806239,3826615.002256447,28341.718213571443,9.605377210390145,9.605377210390145,0.15701600250288106
15.919999999627981,11.47091103989899,14.17406918609339,-21.11972120403044,-4.605377208980599,-27.3946227910194,91.11972120403044,3826615.002806824,28341.718217647798,9.605377208980599,9.605377208980599,0.1570160179965306
15.919999999997957,11.47037887020392,14.17406918352005,-21.11949114613907,-4.605377207650292,-27.394622792349708,91.11949114613907,3826615.003326265,28341.718221495023,9.605377207650292,9.605377207650292,0.15701571507932502
15.919999999935813,10.840363932832389,14.167950228575453,-20.847337877859843,-4.605377207873403,-27.394622792126597,90.84733787785984,3826615.0032391557,28341.71822084985,9.605377207873403,9.605377207873403,0.15659060272742215
15.919999999895545,11.470839594879127,14.174069186397254,-21.119690317189225,-4.605377208018581,-27.39462279198142,91.11969031718922,3826615.0031824657,28341.718220429975,9.60537720801858,9.60537720801858,0.15701597733495828
15.919999998195301,11.471456058427115,14.174069179381199,-21.11995682169163,-4.605377214133,-27.394622785867,91.11995682169163,3826615.000794986,28341.71820274717,9.605377214133,9.605377214133,0.1570163281319681
15.919999999672191,11.470905536509463,14.174069186140649,-21.11971882471272,-4.605377208822063,-27.394622791177937,91.11971882471272,3826615.002868731,28341.718218106307,9.605377208822063,9.605377208822063,0.15701601486449976
15.919999999999813,11.470757816409325,14.17406918640422,-21.119654963979542,-4.605377207643585,-27.394622792356415,91.11965496397954,3826615.0033288896,28341.71822151446,9.605377207643585,9.605377207643585,0.15701593078979562
15.919999999924082,11.470680999450494,14.174069186096629,-21.1196217564721,-4.605377207915751,-27.39462279208425,91.1196217564721,3826615.003222616,28341.718220727347,9.605377207915751,9.605377207915751,0.15701588706615238
15.919999999892054,11.470813318954097,14.174069186391634,-21.11967895815536,-4.605377208031143,-27.394622791968857,91.11967895815536,3826615.0031775576,28341.718220393625,9.605377208031143,9.605377208031143,0.15701596237984744
15.919999999888311,11.471279642900473,14.174069183465544,-21.119880549515244,-4.605377208044558,-27.39462279195544,91.11988054951524,3826615.003172319,28341.718220354825,9.605377208044558,9.605377208044558,0.1570162277585627
15.919999999948615,11.470755464764181,14.174069186358437,-21.119653947603467,-4.605377207827701,-27.3946227921723,91.11965394760347,3826615.0032570013,28341.71822098202,9.6053772078277,9.6053772078277,0.15701592945115342
15.919999999581902,11.470754804436922,14.174069186068236,-21.11965366385283,-4.605377209146525,-27.394622790853475,91.11965366385283,3826615.002742041,28341.71821716798,9.605377209146525,9.605377209146525,0.15701592907435646
15.919999999827251,11.470783110252327,14.174069186312078,-21.119665899280506,-4.605377208263974,-27.394622791736026,91.1196658992805,3826615.003086647,28341.718219720296,9.605377208263974,9.605377208263974,0.15701594518593825
15.919999999951585,11.471001286070596,14.174069186019189,-21.119760215835868,-4.605377207817128,-27.394622792182872,91.11976021583587,3826615.00326112,28341.71822101253,9.605377207817128,9.605377207817128,0.1570160693578386
15.919999999998005,11.470802035618192,14.174069186467214,-21.119674079892945,-4.605377207650065,-27.394622792349935,91.11967407989295,3826615.0033263536,28341.718221495677,9.605377207650065,9.605377207650065,0.15701595595807133
15.919999999998195,11.47071270180605,14.174069186278105,-21.11963546100344,-4.605377207649383,-27.394622792350617,91.11963546100344,3826615.0033266274,28341.718221497704,9.605377207649383,9.605377207649383,0.15701590511123578
15.91999999999982,11.470786791565661,14.174069186452861,-21.119667489901076,-4.605377207643187,-27.394622792356813,91.11966748990108,3826615.003329044,28341.718221515606,9.605377207643187,9.605377207643187,0.15701594728167706
15.919999999739566,11.470679265324556,14.174069185943848,-21.119621007667035,-4.605377208579398,-27.394622791420602,91.11962100766704,3826615.002963484,28341.71821880809,9.605377208579398,9.605377208579398,0.15701588607860517
15.919999999999987,11.471468314624325,14.174069180578405,-21.119962111644043,-4.605377207642732,-27.394622792357268,91.11996211164404,3826615.003329219,28341.7182215169,9.605377207642732,9.605377207642732,0.15701633510989405
15.919999999881501,11.470208563899103,14.174069180775819,-21.11941752357683,-4.605377208068944,-27.394622791931056,91.11941752357683,3826615.0031627975,28341.718220284307,9.605377208068944,9.605377208068944,0.15701561811947765
15.919999999960508,11.470549469044965,14.174069185303884,-21.119564895905114,-4.605377207784898,-27.394622792215102,91.11956489590511,3826615.0032737055,28341.71822110574,9.605377207784898,9.605377207784898,0.15701581219613192
15.91999999999981,11.4709184408215,14.174069186368264,-21.11972440170655,-4.605377207643755,-27.394622792356245,91.11972440170655,3826615.0033288244,28341.718221513976,9.605377207643755,9.605377207643755,0.1570160222095727
15.91999999958438,11.471345496203089,14.1740691823052,-21.119909019255886,-4.60537720913743,-27.39462279086257,91.11990901925589,3826615.002745589,28341.71821719426,9.60537720913743,9.60537720913743,0.15701626522847337
15.919999999060195,11.471225721660694,14.174069183473824,-21.1198572432599,-4.605377211022528,-27.394622788977472,91.1198572432599,3826615.002009526,28341.718211742627,9.605377211022528,9.605377211022528,0.15701619707406303
15.91999999999986,11.4704085111755,14.174069183897236,-21.11950395986935,-4.6053772076433575,-27.394622792356643,91.11950395986935,3826615.0033289785,28341.71822151512,9.605377207643357,9.605377207643357,0.15701573195372265
15.91999999999913,12.114802429284005,14.16838756359655,-21.398286643173492,-4.605377207645802,-27.3946227923542,91.39828664317349,3826615.0033280225,28341.71822150804,9.605377207645802,9.605377207645802,0.15732055505624762
15.919999999530003,11.470861276970219,14.174069186096226,-21.119699692032327,-4.605377209332914,-27.394622790667086,91.11969969203233,3826615.0026692636,28341.718216628957,9.605377209332914,9.605377209332914,0.15701598967433283
15.919999999999758,11.470796462654722,14.174069186463322,-21.119671670703212,-4.605377207643755,-27.394622792356245,91.11967167070321,3826615.0033288244,28341.718221513976,9.605377207643755,9.605377207643755,0.157015952786139
15.919999999754504,11.4708960853009,14.174069186224404,-21.119714738583298,-4.605377208525681,-27.39462279147432,91.1197147385833,3826615.0029844595,28341.71821896345,9.605377208525681,9.605377208525681,0.15701600948571837
15.919999999998314,11.470851727433512,14.174069186472847,-21.119695561596245,-4.605377207648928,-27.394622792351072,91.11969556159625,3826615.0033268034,28341.71822149901,9.605377207648928,9.605377207648928,0.1570159842404691
15.919999999950031,11.470779446162737,14.174069186403392,-21.11966431472331,-4.605377207822698,-27.3946227921773,91.11966431472331,3826615.0032589454,28341.71822099642,9.605377207822698,9.605377207822698,0.1570159431007648
15.919999999913081,11.470955303258954,14.174069186185891,-21.11974033769593,-4.605377207955428,-27.394622792044572,91.11974033769593,3826615.003207121,28341.718220612584,9.605377207955428,9.605377207955428,0.15701604318854184
15.919999999999968,11.470188032153203,14.174069180492141,-21.11940864719338,-4.605377207642732,-27.394622792357268,91.11940864719338,3826615.003329219,28341.7182215169,9.605377207642732,9.605377207642732,0.15701560642993792
15.91999999999986,11.470785095338584,14.174069186450383,-21.119666756622735,-4.6053772076433575,-27.394622792356643,91.11966675662273,3826615.0033289785,28341.71822151512,9.605377207643357,9.605377207643357,0.15701594631623392
15.91999999999841,11.471117534204854,14.174069185283896,-21.11981046956413,-4.605377207648701,-27.3946227923513,91.11981046956413,3826615.0033268915,28341.71822149966,9.6053772076487,9.6053772076487,0.15701613551274632
15.91999999999902,11.470858582427105,14.17406918646839,-21.119698525001183,-4.605377207646427,-27.394622792353573,91.11969852500118,3826615.003327781,28341.718221506246,9.605377207646427,9.605377207646427,0.157015988141971
15.919999999675795,11.470849498376168,14.1740691862198,-21.11969459948193,-4.605377208808875,-27.394622791191125,91.11969459948193,3826615.002873881,28341.71821814445,9.605377208808875,9.605377208808875,0.15701598297096384
15.919999999438861,11.47068277641376,14.174069185722193,-21.11962252690512,-4.60537720966073,-27.39462279033927,91.11962252690512,3826615.002541256,28341.718215680874,9.60537720966073,9.60537720966073,0.15701588807634217
15.91999999999922,11.471028144381123,14.174069185913023,-21.119771826431418,-4.605377207645745,-27.394622792354255,91.11977182643142,3826615.0033280444,28341.7182215082,9.605377207645745,9.605377207645745,0.15701608464293673
15.91999999923606,11.470616640605417,14.174069185215703,-21.119593937435468,-4.605377210390145,-27.394622789609855,91.11959393743547,3826615.002256447,28341.718213571443,9.605377210390145,9.605377210390145,0.15701585043052127
15.919999999627981,11.47090307708456,14.174069186110966,-21.119717761710888,-4.605377208980599,-27.3946227910194,91.11971776171089,3826615.002806824,28341.718217647798,9.605377208980599,9.605377208980599,0.15701601346464733
15.91999999999989,11.470713824667165,14.174069186282921,-21.11963594640855,-4.6053772076433575,-27.394622792356643,91.11963594640855,3826615.0033289785,28341.71822151512,9.605377207643357,9.605377207643357,0.15701590575036048
15.919999999824954,11.470778645518227,14.17406918630359,-21.119663969188764,-4.605377208272273,-27.394622791727727,91.11966396918876,3826615.0030834074,28341.718219696304,9.605377208272273,9.605377208272273,0.15701594264473426
15.919999999929473,11.470789339946037,14.174069186400507,-21.119668591885443,-4.605377207896424,-27.394622792103576,91.11966859188544,3826615.003230161,28341.71822078323,9.605377207896424,9.605377207896424,0.15701594873195002
15.919999998195301,11.4708021087989,14.174069185047417,-21.119674119915146,-4.605377214133,-27.394622785867,91.11967411991515,3826615.000794986,28341.71820274717,9.605377214133,9.605377214133,0.1570159559950352
15.919999999999003,11.470763010380075,14.174069186413963,-21.119657209328068,-4.605377207646313,-27.394622792353687,91.11965720932807,3826615.003327825,28341.718221506577,9.605377207646313,9.605377207646313,0.1570159337460805
15.91999999999985,14.163483151216447,14.089745693671308,-22.287478432611238,-4.605377207643244,-27.394622792356756,92.28747843261124,3826615.0033290214,28341.718221515435,9.605377207643244,9.605377207643244,0.1576255279872764
15.919999999999892,11.470680999450494,14.174069186156574,-21.119621756117226,-4.6053772076433575,-27.394622792356643,91.11962175611723,3826615.0033289785,28341.71822151512,9.605377207643357,9.605377207643357,0.15701588706635283
15.91999999999981,11.470819405121887,14.174069186478569,-21.119681588697517,-4.605377207643755,-27.394622792356245,91.11968158869752,3826615.0033288244,28341.718221513976,9.605377207643755,9.605377207643755,0.1570159658441221
15.91999999953075,11.470761480463143,14.17406918604187,-21.119656550126308,-4.605377209330356,-27.394622790669644,91.11965655012631,3826615.002670262,28341.718216636353,9.605377209330356,9.605377209330356,0.15701593287406773
15.919999999948615,11.470797416201492,14.174069186424417,-21.119672083154967,-4.605377207827701,-27.3946227921723,91.11967208315497,3826615.0032570013,28341.71822098202,9.6053772078277,9.6053772078277,0.15701595332873683
15.919999999999465,11.470754804436922,14.17406918639728,-21.1196536619085,-4.6053772076447785,-27.39462279235522,91.1196536619085,3826615.0033284174,28341.71822151096,9.605377207644779,9.605377207644779,0.1570159290754439
15.919999999827251,11.470778722656632,14.174069186305763,-21.119664002525326,-4.605377208263974,-27.394622791736026,91.11966400252533,3826615.003086647,28341.718219720296,9.605377208263974,9.605377208263974,0.15701594268864796
15.919999999097554,11.470839863566276,14.174069185768229,-21.119690437052896,-4.605377210888207,-27.394622789111793,91.1196904370529,3826615.002061966,28341.718212131025,9.605377210888207,9.605377210888207,0.15701597748580234
15.919999999998005,11.470778052726203,14.174069186439114,-21.119663712124805,-4.605377207650065,-27.394622792349935,91.1196637121248,3826615.0033263536,28341.718221495677,9.605377207650065,9.605377207650065,0.1570159423077854
15.919999999999813,11.47071270180605,14.174069186279159,-21.119635460998836,-4.605377207643585,-27.394622792356415,91.11963546099884,3826615.0033288896,28341.71822151446,9.605377207643585,9.605377207643585,0.15701590511123772
15.91999999999982,11.470907945162793,14.174069186393737,-21.11971986444405,-4.605377207643187,-27.394622792356813,91.11971986444405,3826615.003329044,28341.718221515606,9.605377207643187,9.605377207643187,0.15701601623619366
15.919999999999932,11.470838162029551,14.17406918647993,-21.119689697283377,-4.605377207643016,-27.394622792356984,91.11968969728338,3826615.0033291103,28341.718221516094,9.605377207643016,9.605377207643016,0.15701597651972177
15.919999999999956,11.471468314624325,14.174069180578568,-21.119962111643815,-4.605377207643073,-27.394622792356927,91.11996211164382,3826615.003329087,28341.718221515923,9.605377207643073,9.605377207643073,0.1570163351098961
15.919999999999868,11.470735396098938,14.174069186349481,-21.119645271714205,-4.605377207643414,-27.394622792356586,91.1196452717142,3826615.0033289557,28341.718221514948,9.605377207643414,9.605377207643414,0.15701591802857084
15.919999999999881,11.470685457565182,14.174069186175348,-21.11962368335162,-4.605377207643414,-27.394622792356586,91.11962368335162,3826615.0033289557,28341.718221514948,9.605377207643414,9.605377207643414,0.15701588960391513
15.91999999999981,11.4708500508156,14.174069186474924,-21.11969483678797,-4.605377207643755,-27.394622792356245,91.11969483678797,3826615.0033288244,28341.718221513976,9.605377207643755,9.605377207643755,0.1570159832862283
15.919999999999943,11.470863985954338,14.174069186464209,-21.11970086093436,-4.605377207643073,-27.394622792356927,91.11970086093436,3826615.003329087,28341.718221515923,9.605377207643073,9.605377207643073,0.15701599121736365
15.919999999975316,11.470697096727037,14.17406918620307,-21.119628715058752,-4.605377207731578,-27.39462279226842,91.11962871505875,3826615.0032945275,28341.71822125996,9.605377207731578,9.605377207731578,0.15701589622884923
15.919999999999906,11.4704085111755,14.174069183897409,-21.11950395986713,-4.605377207643187,-27.394622792356813,91.11950395986713,3826615.003329044,28341.718221515606,9.605377207643187,9.605377207643187,0.15701573195372404
15.9199999999766,11.470697096727037,14.174069186204184,-21.119628715055796,-4.605377207727088,-27.394622792272912,91.1196287150558,3826615.003296284,28341.718221272968,9.605377207727088,9.605377207727088,0.15701589622885387
15.919999999913506,11.470861276970219,14.174069186398794,-21.11969969024676,-4.605377207954007,-27.394622792045993,91.11969969024676,3826615.003207681,28341.718220616727,9.605377207954007,9.605377207954007,0.15701598967533584
15.919999999999758,11.470915627031264,14.174069186375297,-21.119723185309397,-4.605377207643755,-27.394622792356245,91.1197231853094,3826615.0033288244,28341.718221513976,9.605377207643755,9.605377207643755,0.15701602060816736
15.919999999999966,11.4708960853009,14.174069186418171,-21.119714737440574,-4.605377207643016,-27.394622792356984,91.11971473744057,3826615.0033291103,28341.718221516094,9.605377207643016,9.605377207643016,0.15701600948636169
15.919999999998314,11.470824177971675,14.174069186478501,-21.1196836519984,-4.605377207648928,-27.394622792351072,91.1196836519984,3826615.0033268034,28341.71822149901,9.605377207648928,9.605377207648928,0.15701596856062133
15.919999999999806,11.470779446162737,14.174069186442807,-21.119664314494514,-4.605377207643528,-27.394622792356472,91.11966431449451,3826615.003328912,28341.718221514624,9.605377207643528,9.605377207643528,0.15701594310089578
15.919999999966848,11.470566835305451,14.1740691854459,-21.119572403279562,-4.605377207762217,-27.394622792237783,91.11957240327956,3826615.0032825675,28341.718221171377,9.605377207762217,9.605377207762217,0.15701582208173256
15.919999999869734,11.470188032153203,14.174069180389807,-21.119408647800128,-4.605377208111463,-27.394622791888537,91.11940864780013,3826615.003146193,28341.71822016132,9.605377208111463,9.605377208111463,0.15701560642960186
15.91999999999986,11.470989803597917,14.174069186111842,-21.119755251750348,-4.6053772076433575,-27.394622792356643,91.11975525175035,3826615.0033289785,28341.71822151512,9.605377207643357,9.605377207643357,0.15701606282325314
15.919999999999897,11.470722998931713,14.174069186312979,-21.119639912433627,-4.605377207643244,-27.394622792356756,91.11963991243363,3826615.0033290214,28341.718221515435,9.605377207643244,9.605377207643244,0.157015910972265
15.741862323461207,10.796257361252437,14.027203811898518,-21.655055184603782,-5.248708057597867,-26.751291942402133,91.65505518460378,3590891.7272496605,26595.84029465617,10.248708057597867,10.248708057597867,0.15608978277080046
15.919999999675795,11.4707960077805,14.17406918620806,-21.119671475564928,-4.605377208808875,-27.394622791191125,91.11967147556493,3826615.002873881,28341.71821814445,9.605377208808875,9.605377208808875,0.15701595252640177
15.919999999999913,11.470791618498318,14.174069186458611,-21.119669576576598,-4.605377207643187,-27.394622792356813,91.1196695765766,3826615.003329044,28341.718221515606,9.605377207643187,9.605377207643187,0.15701595002901172
15.91999999999922,11.47086033576009,14.174069186466566,-21.119699282963666,-4.605377207645745,-27.394622792354255,91.11969928296367,3826615.0033280444,28341.7182215082,9.605377207645745,9.605377207645745,0.15701598913986786
15.91999999923606,11.470456563860395,14.174069183850422,-21.119524736514165,-4.605377210390145,-27.394622789609855,91.11952473651417,3826615.002256447,28341.718213571443,9.605377210390145,9.605377210390145,0.15701575930719644
15.919999999781119,11.470794404980055,14.17406918628929,-21.119670782186745,-4.605377208430127,-27.394622791569873,91.11967078218674,3826615.003021766,28341.718219239756,9.605377208430127,9.605377208430127,0.15701595161441498
15.91999999999989,11.476854672432719,14.174068660257742,-21.122290645411965,-4.6053772076433575,-27.394622792356643,91.12229064541197,3826615.0033289785,28341.71822151512,9.605377207643357,9.605377207643357,0.15701939511674234
15.91999999999995,11.470790744514431,14.174069186457745,-21.11966919875198,-4.605377207642903,-27.394622792357097,91.11966919875198,3826615.003329153,28341.718221516414,9.605377207642903,9.605377207642903,0.1570159495315698
15.919999999929473,11.470838128271403,14.174069186424122,-21.11968968301869,-4.605377207896424,-27.394622792103576,91.11968968301869,3826615.003230161,28341.71822078323,9.605377207896424,9.605377207896424,0.15701597650032123
15.919999999923194,11.4708021087989,14.17406918640848,-21.119674111877146,-4.605377207919048,-27.394622792080952,91.11967411187715,3826615.003221331,28341.71822071783,9.605377207919048,9.605377207919048,0.15701595599953017
